{"producer":{"name":"Blender","version":"2.78 (sub 0)","exporter_version":"4.6.1","file":"GirlSliding.babylon"},
"autoClear":true,"clearColor":[0.0509,0.0509,0.0509],"ambientColor":[0,0,0],"gravity":[0,-9.81,0],
"materials":[{"name":"GirlSliding.GirlTex","id":"GirlSliding.GirlTex","ambient":[1,1,1],"diffuse":[1,1,1],"specular":[0,0,0],"emissive":[0.1,0.1,0.1],"specularPower":3,"alpha":1,"backFaceCulling":true,"checkReadyOnlyOnce":false, 
"diffuseTexture":{"name":"girl.jpg","level":1,"hasAlpha":1,"coordinatesMode":0,"uOffset":0,"vOffset":0,"uScale":1,"vScale":1,"uAng":0,"vAng":0,"wAng":0,"wrapU":1,"wrapV":1,"coordinatesIndex":0}}],
"multiMaterials":[],
"skeletons":[{"name":"Armature","id":0,"dimensionsAtRest":[25.5777,22.3121,10.0778],"bones":[
{"name":"joint1","index":0,"matrix":[0.0013,-1,0,0,1,0.0013,0,0,0,0,-1,0,0,15.5401,0,1],"rest":[0.0013,-1,0,0,1,0.0013,0,0,0,0,-1,0,-0.0248,31.0268,0,1],"parentBoneIndex":-1,"length":4.6682
,"animation":{"dataType":3,"framePerSecond":30,"keys":[
{"frame":2,"values":[0.0013,-1,0,0,1,0.0013,0,0,0,0,-1,0,0,15.5401,0,1]},
{"frame":3,"values":[0.0013,-0.9996,0.029,0,1,0.0013,0,0,0,-0.029,-0.9996,0,0,15.5401,0,1]},
{"frame":4,"values":[0.0013,-0.9983,0.0581,0,1,0.0013,0,0,0.0001,-0.0581,-0.9983,0,0,15.5401,0,1]},
{"frame":5,"values":[0.0013,-0.9962,0.0871,0,1,0.0013,0,0,0.0001,-0.0871,-0.9962,0,0,15.5401,0,1]},
{"frame":6,"values":[0.0013,-0.9932,0.1161,0,1,0.0013,0,0,0.0002,-0.1161,-0.9932,0,0,15.5401,0,1]},
{"frame":7,"values":[0.0013,-0.9894,0.145,0,1,0.0013,0,0,0.0002,-0.145,-0.9894,0,0,15.5401,0,1]},
{"frame":8,"values":[0.0013,-0.9848,0.1737,0,1,0.0013,0,0,0.0002,-0.1737,-0.9848,0,0,15.5401,0,1]},
{"frame":9,"values":[0.0013,-0.9793,0.2023,0,1,0.0013,0,0,0.0003,-0.2023,-0.9793,0,0,15.5401,0,1]},
{"frame":10,"values":[0.0013,-0.973,0.2307,0,1,0.0013,0,0,0.0003,-0.2307,-0.973,0,0,15.5401,0,1]},
{"frame":11,"values":[0.0013,-0.9659,0.2588,0,1,0.0013,0,0,0.0003,-0.2588,-0.9659,0,0,15.5401,0,1]},
{"frame":52,"values":[0.0013,-0.9692,0.2462,0,1,0.0013,0,0,0.0003,-0.2462,-0.9692,0,0,15.5401,0,1]},
{"frame":53,"values":[0.0013,-0.9724,0.2335,0,1,0.0013,0,0,0.0003,-0.2335,-0.9724,0,0,15.5401,0,1]},
{"frame":54,"values":[0.0013,-0.9753,0.2207,0,1,0.0013,0,0,0.0003,-0.2207,-0.9753,0,0,15.5401,0,1]},
{"frame":55,"values":[0.0013,-0.9781,0.2079,0,1,0.0013,0,0,0.0003,-0.2079,-0.9781,0,0,15.5401,0,1]},
{"frame":56,"values":[0.0013,-0.9808,0.1951,0,1,0.0013,0,0,0.0003,-0.1951,-0.9808,0,0,15.5401,0,1]},
{"frame":57,"values":[0.0013,-0.9833,0.1822,0,1,0.0013,0,0,0.0002,-0.1822,-0.9833,0,0,15.5401,0,1]},
{"frame":58,"values":[0.0013,-0.9856,0.1693,0,1,0.0013,0,0,0.0002,-0.1693,-0.9856,0,0,15.5401,0,1]},
{"frame":59,"values":[0.0013,-0.9877,0.1564,0,1,0.0013,0,0,0.0002,-0.1564,-0.9877,0,0,15.5401,0,1]},
{"frame":60,"values":[0.0013,-0.9897,0.1435,0,1,0.0013,0,0,0.0002,-0.1435,-0.9897,0,0,15.5401,0,1]},
{"frame":61,"values":[0.0013,-0.9914,0.1305,0,1,0.0013,0,0,0.0002,-0.1305,-0.9914,0,0,15.5401,0,1]},
{"frame":62,"values":[0.0013,-0.9931,0.1175,0,1,0.0013,0,0,0.0002,-0.1175,-0.9931,0,0,15.5401,0,1]},
{"frame":63,"values":[0.0013,-0.9945,0.1045,0,1,0.0013,0,0,0.0001,-0.1045,-0.9945,0,0,15.5401,0,1]},
{"frame":64,"values":[0.0013,-0.9958,0.0915,0,1,0.0013,0,0,0.0001,-0.0915,-0.9958,0,0,15.5401,0,1]},
{"frame":65,"values":[0.0013,-0.9969,0.0785,0,1,0.0013,0,0,0.0001,-0.0785,-0.9969,0,0,15.5401,0,1]},
{"frame":66,"values":[0.0013,-0.9979,0.0654,0,1,0.0013,0,0,0.0001,-0.0654,-0.9979,0,0,15.5401,0,1]},
{"frame":67,"values":[0.0013,-0.9986,0.0523,0,1,0.0013,0,0,0.0001,-0.0523,-0.9986,0,0,15.5401,0,1]},
{"frame":68,"values":[0.0013,-0.9992,0.0393,0,1,0.0013,0,0,0.0001,-0.0393,-0.9992,0,0,15.5401,0,1]},
{"frame":69,"values":[0.0013,-0.9997,0.0262,0,1,0.0013,0,0,0,-0.0262,-0.9997,0,0,15.5401,0,1]},
{"frame":70,"values":[0.0013,-0.9999,0.0131,0,1,0.0013,0,0,0,-0.0131,-0.9999,0,0,15.5401,0,1]},
{"frame":71,"values":[0.0013,-1,0,0,1,0.0013,0,0,0,0,-1,0,0,15.5401,0,1]},
{"frame":91,"values":[0.0013,-1,0,0,1,0.0013,0,0,0,0,-1,0,0,15.5401,0,1]}],"loopBehavior":1,"name":"anim","property":"_matrix"}},
{"name":"joint2","index":1,"matrix":[0.3548,-0.935,0,0,-0.935,-0.3548,0,0,0,0,-1,0,4.3912,0,0,1],"rest":[0.3548,-0.935,0,0,-0.935,-0.3548,0,0,0,0,-1,0,4.3912,0,0,1],"parentBoneIndex":0,"length":2.7227
,"animation":{"dataType":3,"framePerSecond":30,"keys":[
{"frame":2,"values":[0.3548,-0.935,0,0,-0.935,-0.3548,0,0,0,0,-1,0,4.3912,0,0,1]},
{"frame":91,"values":[0.3548,-0.935,0,0,-0.935,-0.3548,0,0,0,0,-1,0,4.3912,0,0,1]}],"loopBehavior":1,"name":"anim","property":"_matrix"}},
{"name":"joint3","index":2,"matrix":[0.0641,-0.1614,-0.9848,0,0.9293,0.3694,0,0,0.3638,-0.9152,0.1736,0,2.6432,0,0,1],"rest":[0.3694,-0.9293,0,0,0.9293,0.3694,0,0,0,0,1,0,2.6432,0,0,1],"parentBoneIndex":1,"length":5.4503
,"animation":{"dataType":3,"framePerSecond":30,"keys":[
{"frame":2,"values":[0.0641,-0.1614,-0.9848,0,0.9293,0.3694,0,0,0.3638,-0.9152,0.1736,0,2.6432,0,0,1]},
{"frame":72,"values":[0.0876,-0.2205,-0.9714,0,0.9293,0.3694,0,0,0.3589,-0.9027,0.2373,0,2.6432,0,0,1]},
{"frame":73,"values":[0.1113,-0.2799,-0.9536,0,0.9293,0.3694,0,0,0.3522,-0.8861,0.3012,0,2.6432,0,0,1]},
{"frame":74,"values":[0.1349,-0.3393,-0.931,0,0.9293,0.3694,0,0,0.3439,-0.8651,0.3651,0,2.6432,0,0,1]},
{"frame":75,"values":[0.1582,-0.398,-0.9036,0,0.9293,0.3694,0,0,0.3338,-0.8397,0.4283,0,2.6432,0,0,1]},
{"frame":76,"values":[0.1812,-0.4558,-0.8715,0,0.9293,0.3694,0,0,0.3219,-0.8098,0.4905,0,2.6432,0,0,1]},
{"frame":77,"values":[0.2035,-0.512,-0.8345,0,0.9293,0.3694,0,0,0.3083,-0.7755,0.551,0,2.6432,0,0,1]},
{"frame":78,"values":[0.2251,-0.5662,-0.793,0,0.9293,0.3694,0,0,0.2929,-0.7369,0.6093,0,2.6432,0,0,1]},
{"frame":79,"values":[0.2456,-0.6179,-0.747,0,0.9293,0.3694,0,0,0.2759,-0.6941,0.6649,0,2.6432,0,0,1]},
{"frame":80,"values":[0.265,-0.6666,-0.6968,0,0.9293,0.3694,0,0,0.2574,-0.6475,0.7173,0,2.6432,0,0,1]},
{"frame":81,"values":[0.283,-0.7119,-0.6428,0,0.9293,0.3694,0,0,0.2374,-0.5973,0.766,0,2.6432,0,0,1]},
{"frame":82,"values":[0.2995,-0.7534,-0.5854,0,0.9293,0.3694,0,0,0.2162,-0.544,0.8107,0,2.6432,0,0,1]},
{"frame":83,"values":[0.3144,-0.7909,-0.5251,0,0.9293,0.3694,0,0,0.194,-0.4879,0.8511,0,2.6432,0,0,1]},
{"frame":84,"values":[0.3276,-0.824,-0.4623,0,0.9293,0.3694,0,0,0.1708,-0.4296,0.8867,0,2.6432,0,0,1]},
{"frame":85,"values":[0.3389,-0.8526,-0.3977,0,0.9293,0.3694,0,0,0.1469,-0.3696,0.9175,0,2.6432,0,0,1]},
{"frame":86,"values":[0.3485,-0.8767,-0.3317,0,0.9293,0.3694,0,0,0.1225,-0.3082,0.9434,0,2.6432,0,0,1]},
{"frame":87,"values":[0.3562,-0.8961,-0.2649,0,0.9293,0.3694,0,0,0.0979,-0.2462,0.9643,0,2.6432,0,0,1]},
{"frame":88,"values":[0.3621,-0.9109,-0.1979,0,0.9293,0.3694,0,0,0.0731,-0.1839,0.9802,0,2.6432,0,0,1]},
{"frame":89,"values":[0.3662,-0.9213,-0.1311,0,0.9293,0.3694,0,0,0.0484,-0.1218,0.9914,0,2.6432,0,0,1]},
{"frame":90,"values":[0.3686,-0.9273,-0.065,0,0.9293,0.3694,0,0,0.024,-0.0604,0.9979,0,2.6432,0,0,1]},
{"frame":91,"values":[0.3694,-0.9293,0,0,0.9293,0.3694,0,0,0,0,1,0,2.6432,0,0,1]}],"loopBehavior":1,"name":"anim","property":"_matrix"}},
{"name":"joint4","index":3,"matrix":[0.9999,0.0104,0,0,-0.0104,0.9999,0,0,0,0,1,0,5.4503,0,0,1],"rest":[0.9999,0.0104,0,0,-0.0104,0.9999,0,0,0,0,1,0,5.4503,0,0,1],"parentBoneIndex":2,"length":4.705
,"animation":{"dataType":3,"framePerSecond":30,"keys":[
{"frame":2,"values":[0.9999,0.0104,0,0,-0.0104,0.9999,0,0,0,0,1,0,5.4503,0,0,1]},
{"frame":91,"values":[0.9999,0.0104,0,0,-0.0104,0.9999,0,0,0,0,1,0,5.4503,0,0,1]}],"loopBehavior":1,"name":"anim","property":"_matrix"}},
{"name":"joint5","index":4,"matrix":[-0.9768,-0.2144,0,0,-0.2144,0.9768,0,0,0,0,-1,0,4.7024,-0.1558,0,1],"rest":[-0.9768,-0.2144,0,0,-0.2144,0.9768,0,0,0,0,-1,0,4.7024,-0.1558,0,1],"parentBoneIndex":3,"length":4.705
,"animation":{"dataType":3,"framePerSecond":30,"keys":[
{"frame":2,"values":[-0.9768,-0.2144,0,0,-0.2144,0.9768,0,0,0,0,-1,0,4.7024,-0.1558,0,1]},
{"frame":91,"values":[-0.9768,-0.2144,0,0,-0.2144,0.9768,0,0,0,0,-1,0,4.7024,-0.1558,0,1]}],"loopBehavior":1,"name":"anim","property":"_matrix"}},
{"name":"joint6","index":5,"matrix":[0.0607,-0.1627,-0.9848,0,-0.937,-0.3493,0,0,-0.344,0.9228,-0.1736,0,-2.1843,-1.7551,0,1],"rest":[0.3493,-0.937,0,0,-0.937,-0.3493,0,0,0,0,-1,0,-2.1843,-1.7551,0,1],"parentBoneIndex":1,"length":5.4891
,"animation":{"dataType":3,"framePerSecond":30,"keys":[
{"frame":2,"values":[0.0607,-0.1627,-0.9848,0,-0.937,-0.3493,0,0,-0.344,0.9228,-0.1736,0,-2.1843,-1.7551,0,1]},
{"frame":72,"values":[0.0829,-0.2223,-0.9714,0,-0.937,-0.3493,0,0,-0.3393,0.9103,-0.2373,0,-2.1843,-1.7551,0,1]},
{"frame":73,"values":[0.1052,-0.2823,-0.9536,0,-0.937,-0.3493,0,0,-0.3331,0.8935,-0.3012,0,-2.1843,-1.7551,0,1]},
{"frame":74,"values":[0.1275,-0.3421,-0.931,0,-0.937,-0.3493,0,0,-0.3252,0.8723,-0.3651,0,-2.1843,-1.7551,0,1]},
{"frame":75,"values":[0.1496,-0.4014,-0.9036,0,-0.937,-0.3493,0,0,-0.3156,0.8467,-0.4283,0,-2.1843,-1.7551,0,1]},
{"frame":76,"values":[0.1713,-0.4596,-0.8715,0,-0.937,-0.3493,0,0,-0.3044,0.8166,-0.4905,0,-2.1843,-1.7551,0,1]},
{"frame":77,"values":[0.1925,-0.5163,-0.8345,0,-0.937,-0.3493,0,0,-0.2915,0.782,-0.551,0,-2.1843,-1.7551,0,1]},
{"frame":78,"values":[0.2128,-0.5709,-0.793,0,-0.937,-0.3493,0,0,-0.277,0.743,-0.6093,0,-2.1843,-1.7551,0,1]},
{"frame":79,"values":[0.2323,-0.623,-0.747,0,-0.937,-0.3493,0,0,-0.2609,0.6999,-0.6649,0,-2.1843,-1.7551,0,1]},
{"frame":80,"values":[0.2506,-0.6721,-0.6968,0,-0.937,-0.3493,0,0,-0.2434,0.6529,-0.7173,0,-2.1843,-1.7551,0,1]},
{"frame":81,"values":[0.2676,-0.7178,-0.6428,0,-0.937,-0.3493,0,0,-0.2245,0.6023,-0.766,0,-2.1843,-1.7551,0,1]},
{"frame":82,"values":[0.2832,-0.7597,-0.5854,0,-0.937,-0.3493,0,0,-0.2045,0.5485,-0.8107,0,-2.1843,-1.7551,0,1]},
{"frame":83,"values":[0.2973,-0.7974,-0.5251,0,-0.937,-0.3493,0,0,-0.1834,0.492,-0.8511,0,-2.1843,-1.7551,0,1]},
{"frame":84,"values":[0.3097,-0.8309,-0.4623,0,-0.937,-0.3493,0,0,-0.1615,0.4332,-0.8867,0,-2.1843,-1.7551,0,1]},
{"frame":85,"values":[0.3205,-0.8597,-0.3977,0,-0.937,-0.3493,0,0,-0.1389,0.3726,-0.9175,0,-2.1843,-1.7551,0,1]},
{"frame":86,"values":[0.3295,-0.884,-0.3317,0,-0.937,-0.3493,0,0,-0.1159,0.3108,-0.9434,0,-2.1843,-1.7551,0,1]},
{"frame":87,"values":[0.3368,-0.9035,-0.2649,0,-0.937,-0.3493,0,0,-0.0925,0.2482,-0.9643,0,-2.1843,-1.7551,0,1]},
{"frame":88,"values":[0.3424,-0.9185,-0.1979,0,-0.937,-0.3493,0,0,-0.0691,0.1854,-0.9802,0,-2.1843,-1.7551,0,1]},
{"frame":89,"values":[0.3463,-0.9289,-0.1311,0,-0.937,-0.3493,0,0,-0.0458,0.1228,-0.9914,0,-2.1843,-1.7551,0,1]},
{"frame":90,"values":[0.3486,-0.935,-0.065,0,-0.937,-0.3493,0,0,-0.0227,0.0609,-0.9979,0,-2.1843,-1.7551,0,1]},
{"frame":91,"values":[0.3493,-0.937,0,0,-0.937,-0.3493,0,0,0,0,-1,0,-2.1843,-1.7551,0,1]}],"loopBehavior":1,"name":"anim","property":"_matrix"}},
{"name":"joint7","index":6,"matrix":[1,0.0011,0,0,-0.0011,1,0,0,0,0,1,0,5.4891,0,0,1],"rest":[1,0.0011,0,0,-0.0011,1,0,0,0,0,1,0,5.4891,0,0,1],"parentBoneIndex":5,"length":4.7442
,"animation":{"dataType":3,"framePerSecond":30,"keys":[
{"frame":2,"values":[1,0.0011,0,0,-0.0011,1,0,0,0,0,1,0,5.4891,0,0,1]},
{"frame":91,"values":[1,0.0011,0,0,-0.0011,1,0,0,0,0,1,0,5.4891,0,0,1]}],"loopBehavior":1,"name":"anim","property":"_matrix"}},
{"name":"joint8","index":7,"matrix":[0.9998,0.0203,0,0,-0.0203,0.9998,0,0,0,0,1,0,4.7442,0,0,1],"rest":[0.9998,0.0203,0,0,-0.0203,0.9998,0,0,0,0,1,0,4.7442,0,0,1],"parentBoneIndex":6,"length":4.7442
,"animation":{"dataType":3,"framePerSecond":30,"keys":[
{"frame":2,"values":[0.9998,0.0203,0,0,-0.0203,0.9998,0,0,0,0,1,0,4.7442,0,0,1]},
{"frame":91,"values":[0.9998,0.0203,0,0,-0.0203,0.9998,0,0,0,0,1,0,4.7442,0,0,1]}],"loopBehavior":1,"name":"anim","property":"_matrix"}},
{"name":"joint9","index":8,"matrix":[-0.8199,-0.5725,0,0,-0.5725,0.8199,0,0,0,0,-1,0,-2.2697,-3.8797,0,1],"rest":[-0.0013,-1,0,0,-1,0.0013,0,0,0,0,-1,0,-2.2697,-3.8797,0,1],"parentBoneIndex":0,"length":5.1736
,"animation":{"dataType":3,"framePerSecond":30,"keys":[
{"frame":2,"values":[-0.8199,-0.5725,0,0,-0.5725,0.8199,0,0,0,0,-1,0,-2.2697,-3.8797,0,1]},
{"frame":3,"values":[-0.812,-0.5837,0,0,-0.5837,0.812,0,0,0,0,-1,0,-2.2697,-3.8797,0,1]},
{"frame":4,"values":[-0.8039,-0.5948,0,0,-0.5948,0.8039,0,0,0,0,-1,0,-2.2697,-3.8797,0,1]},
{"frame":5,"values":[-0.7956,-0.6058,0,0,-0.6058,0.7956,0,0,0,0,-1,0,-2.2697,-3.8797,0,1]},
{"frame":6,"values":[-0.7872,-0.6167,0,0,-0.6167,0.7872,0,0,0,0,-1,0,-2.2697,-3.8797,0,1]},
{"frame":7,"values":[-0.7786,-0.6275,0,0,-0.6275,0.7786,0,0,0,0,-1,0,-2.2697,-3.8797,0,1]},
{"frame":8,"values":[-0.7699,-0.6382,0,0,-0.6382,0.7699,0,0,0,0,-1,0,-2.2697,-3.8797,0,1]},
{"frame":9,"values":[-0.761,-0.6488,0,0,-0.6488,0.761,0,0,0,0,-1,0,-2.2697,-3.8797,0,1]},
{"frame":10,"values":[-0.752,-0.6592,0,0,-0.6592,0.752,0,0,0,0,-1,0,-2.2697,-3.8797,0,1]},
{"frame":11,"values":[-0.7428,-0.6695,0,0,-0.6695,0.7428,0,0,0,0,-1,0,-2.2697,-3.8797,0,1]},
{"frame":12,"values":[-0.7335,-0.6797,0,0,-0.6797,0.7335,0,0,0,0,-1,0,-2.2697,-3.8797,0,1]},
{"frame":13,"values":[-0.724,-0.6897,0,0,-0.6897,0.724,0,0,0,0,-1,0,-2.2697,-3.8797,0,1]},
{"frame":14,"values":[-0.7145,-0.6997,0,0,-0.6997,0.7145,0,0,0,0,-1,0,-2.2697,-3.8797,0,1]},
{"frame":15,"values":[-0.7047,-0.7095,0,0,-0.7095,0.7047,0,0,0,0,-1,0,-2.2697,-3.8797,0,1]},
{"frame":16,"values":[-0.6949,-0.7191,0,0,-0.7191,0.6949,0,0,0,0,-1,0,-2.2697,-3.8797,0,1]},
{"frame":17,"values":[-0.6849,-0.7286,0,0,-0.7286,0.6849,0,0,0,0,-1,0,-2.2697,-3.8797,0,1]},
{"frame":18,"values":[-0.6748,-0.738,0,0,-0.738,0.6748,0,0,0,0,-1,0,-2.2697,-3.8797,0,1]},
{"frame":19,"values":[-0.6646,-0.7472,0,0,-0.7472,0.6646,0,0,0,0,-1,0,-2.2697,-3.8797,0,1]},
{"frame":20,"values":[-0.6543,-0.7563,0,0,-0.7563,0.6543,0,0,0,0,-1,0,-2.2697,-3.8797,0,1]},
{"frame":21,"values":[-0.6438,-0.7652,0,0,-0.7652,0.6438,0,0,0,0,-1,0,-2.2697,-3.8797,0,1]},
{"frame":22,"values":[-0.6636,-0.7481,0,0,-0.7481,0.6636,0,0,0,0,-1,0,-2.2697,-3.8797,0,1]},
{"frame":23,"values":[-0.6829,-0.7305,0,0,-0.7305,0.6829,0,0,0,0,-1,0,-2.2697,-3.8797,0,1]},
{"frame":24,"values":[-0.7018,-0.7124,0,0,-0.7124,0.7018,0,0,0,0,-1,0,-2.2697,-3.8797,0,1]},
{"frame":25,"values":[-0.7202,-0.6937,0,0,-0.6937,0.7202,0,0,0,0,-1,0,-2.2697,-3.8797,0,1]},
{"frame":26,"values":[-0.7382,-0.6746,0,0,-0.6746,0.7382,0,0,0,0,-1,0,-2.2697,-3.8797,0,1]},
{"frame":27,"values":[-0.7556,-0.655,0,0,-0.655,0.7556,0,0,0,0,-1,0,-2.2697,-3.8797,0,1]},
{"frame":28,"values":[-0.7725,-0.635,0,0,-0.635,0.7725,0,0,0,0,-1,0,-2.2697,-3.8797,0,1]},
{"frame":29,"values":[-0.7889,-0.6146,0,0,-0.6146,0.7889,0,0,0,0,-1,0,-2.2697,-3.8797,0,1]},
{"frame":30,"values":[-0.8047,-0.5937,0,0,-0.5937,0.8047,0,0,0,0,-1,0,-2.2697,-3.8797,0,1]},
{"frame":31,"values":[-0.8199,-0.5725,0,0,-0.5725,0.8199,0,0,0,0,-1,0,-2.2697,-3.8797,0,1]},
{"frame":32,"values":[-0.8047,-0.5937,0,0,-0.5937,0.8047,0,0,0,0,-1,0,-2.2697,-3.8797,0,1]},
{"frame":33,"values":[-0.7889,-0.6146,0,0,-0.6146,0.7889,0,0,0,0,-1,0,-2.2697,-3.8797,0,1]},
{"frame":34,"values":[-0.7725,-0.635,0,0,-0.635,0.7725,0,0,0,0,-1,0,-2.2697,-3.8797,0,1]},
{"frame":35,"values":[-0.7556,-0.655,0,0,-0.655,0.7556,0,0,0,0,-1,0,-2.2697,-3.8797,0,1]},
{"frame":36,"values":[-0.7382,-0.6746,0,0,-0.6746,0.7382,0,0,0,0,-1,0,-2.2697,-3.8797,0,1]},
{"frame":37,"values":[-0.7202,-0.6937,0,0,-0.6937,0.7202,0,0,0,0,-1,0,-2.2697,-3.8797,0,1]},
{"frame":38,"values":[-0.7018,-0.7124,0,0,-0.7124,0.7018,0,0,0,0,-1,0,-2.2697,-3.8797,0,1]},
{"frame":39,"values":[-0.6829,-0.7305,0,0,-0.7305,0.6829,0,0,0,0,-1,0,-2.2697,-3.8797,0,1]},
{"frame":40,"values":[-0.6636,-0.7481,0,0,-0.7481,0.6636,0,0,0,0,-1,0,-2.2697,-3.8797,0,1]},
{"frame":41,"values":[-0.6438,-0.7652,0,0,-0.7652,0.6438,0,0,0,0,-1,0,-2.2697,-3.8797,0,1]},
{"frame":42,"values":[-0.6636,-0.7481,0,0,-0.7481,0.6636,0,0,0,0,-1,0,-2.2697,-3.8797,0,1]},
{"frame":43,"values":[-0.6829,-0.7305,0,0,-0.7305,0.6829,0,0,0,0,-1,0,-2.2697,-3.8797,0,1]},
{"frame":44,"values":[-0.7018,-0.7124,0,0,-0.7124,0.7018,0,0,0,0,-1,0,-2.2697,-3.8797,0,1]},
{"frame":45,"values":[-0.7202,-0.6937,0,0,-0.6937,0.7202,0,0,0,0,-1,0,-2.2697,-3.8797,0,1]},
{"frame":46,"values":[-0.7382,-0.6746,0,0,-0.6746,0.7382,0,0,0,0,-1,0,-2.2697,-3.8797,0,1]},
{"frame":47,"values":[-0.7556,-0.655,0,0,-0.655,0.7556,0,0,0,0,-1,0,-2.2697,-3.8797,0,1]},
{"frame":48,"values":[-0.7725,-0.635,0,0,-0.635,0.7725,0,0,0,0,-1,0,-2.2697,-3.8797,0,1]},
{"frame":49,"values":[-0.7889,-0.6146,0,0,-0.6146,0.7889,0,0,0,0,-1,0,-2.2697,-3.8797,0,1]},
{"frame":50,"values":[-0.8047,-0.5937,0,0,-0.5937,0.8047,0,0,0,0,-1,0,-2.2697,-3.8797,0,1]},
{"frame":51,"values":[-0.8199,-0.5725,0,0,-0.5725,0.8199,0,0,0,0,-1,0,-2.2697,-3.8797,0,1]},
{"frame":52,"values":[-0.8047,-0.5937,0,0,-0.5937,0.8047,0,0,0,0,-1,0,-2.2697,-3.8797,0,1]},
{"frame":53,"values":[-0.7889,-0.6146,0,0,-0.6146,0.7889,0,0,0,0,-1,0,-2.2697,-3.8797,0,1]},
{"frame":54,"values":[-0.7725,-0.635,0,0,-0.635,0.7725,0,0,0,0,-1,0,-2.2697,-3.8797,0,1]},
{"frame":55,"values":[-0.7556,-0.655,0,0,-0.655,0.7556,0,0,0,0,-1,0,-2.2697,-3.8797,0,1]},
{"frame":56,"values":[-0.7382,-0.6746,0,0,-0.6746,0.7382,0,0,0,0,-1,0,-2.2697,-3.8797,0,1]},
{"frame":57,"values":[-0.7202,-0.6937,0,0,-0.6937,0.7202,0,0,0,0,-1,0,-2.2697,-3.8797,0,1]},
{"frame":58,"values":[-0.7018,-0.7124,0,0,-0.7124,0.7018,0,0,0,0,-1,0,-2.2697,-3.8797,0,1]},
{"frame":59,"values":[-0.6829,-0.7305,0,0,-0.7305,0.6829,0,0,0,0,-1,0,-2.2697,-3.8797,0,1]},
{"frame":60,"values":[-0.6636,-0.7481,0,0,-0.7481,0.6636,0,0,0,0,-1,0,-2.2697,-3.8797,0,1]},
{"frame":61,"values":[-0.6438,-0.7652,0,0,-0.7652,0.6438,0,0,0,0,-1,0,-2.2697,-3.8797,0,1]},
{"frame":62,"values":[-0.6005,-0.7997,0,0,-0.7997,0.6005,0,0,0,0,-1,0,-2.2697,-3.8797,0,1]},
{"frame":63,"values":[-0.554,-0.8325,0,0,-0.8325,0.554,0,0,0,0,-1,0,-2.2697,-3.8797,0,1]},
{"frame":64,"values":[-0.5044,-0.8634,0,0,-0.8634,0.5044,0,0,0,0,-1,0,-2.2697,-3.8797,0,1]},
{"frame":65,"values":[-0.4519,-0.8921,0,0,-0.8921,0.4519,0,0,0,0,-1,0,-2.2697,-3.8797,0,1]},
{"frame":66,"values":[-0.3964,-0.9181,0,0,-0.9181,0.3964,0,0,0,0,-1,0,-2.2697,-3.8797,0,1]},
{"frame":67,"values":[-0.3382,-0.9411,0,0,-0.9411,0.3382,0,0,0,0,-1,0,-2.2697,-3.8797,0,1]},
{"frame":68,"values":[-0.2775,-0.9607,0,0,-0.9607,0.2775,0,0,0,0,-1,0,-2.2697,-3.8797,0,1]},
{"frame":69,"values":[-0.2145,-0.9767,0,0,-0.9767,0.2145,0,0,0,0,-1,0,-2.2697,-3.8797,0,1]},
{"frame":70,"values":[-0.1495,-0.9888,0,0,-0.9888,0.1495,0,0,0,0,-1,0,-2.2697,-3.8797,0,1]},
{"frame":71,"values":[-0.083,-0.9965,0,0,-0.9965,0.083,0,0,0,0,-1,0,-2.2697,-3.8797,0,1]},
{"frame":72,"values":[-0.0154,-0.9999,0,0,-0.9999,0.0154,0,0,0,0,-1,0,-2.2697,-3.8797,0,1]},
{"frame":73,"values":[0.053,-0.9986,0,0,-0.9986,-0.053,0,0,0,0,-1,0,-2.2697,-3.8797,0,1]},
{"frame":74,"values":[0.1216,-0.9926,0,0,-0.9926,-0.1216,0,0,0,0,-1,0,-2.2697,-3.8797,0,1]},
{"frame":75,"values":[0.1899,-0.9818,0,0,-0.9818,-0.1899,0,0,0,0,-1,0,-2.2697,-3.8797,0,1]},
{"frame":76,"values":[0.2575,-0.9663,0,0,-0.9663,-0.2575,0,0,0,0,-1,0,-2.2697,-3.8797,0,1]},
{"frame":77,"values":[0.3239,-0.9461,0,0,-0.9461,-0.3239,0,0,0,0,-1,0,-2.2697,-3.8797,0,1]},
{"frame":78,"values":[0.3886,-0.9214,0,0,-0.9214,-0.3886,0,0,0,0,-1,0,-2.2697,-3.8797,0,1]},
{"frame":79,"values":[0.4511,-0.8925,0,0,-0.8925,-0.4511,0,0,0,0,-1,0,-2.2697,-3.8797,0,1]},
{"frame":80,"values":[0.511,-0.8596,0,0,-0.8596,-0.511,0,0,0,0,-1,0,-2.2697,-3.8797,0,1]},
{"frame":81,"values":[0.568,-0.823,0,0,-0.823,-0.568,0,0,0,0,-1,0,-2.2697,-3.8797,0,1]},
{"frame":82,"values":[0.6218,-0.7832,0,0,-0.7832,-0.6218,0,0,0,0,-1,0,-2.2697,-3.8797,0,1]},
{"frame":83,"values":[0.6721,-0.7404,0,0,-0.7404,-0.6721,0,0,0,0,-1,0,-2.2697,-3.8797,0,1]},
{"frame":84,"values":[0.7188,-0.6952,0,0,-0.6952,-0.7188,0,0,0,0,-1,0,-2.2697,-3.8797,0,1]},
{"frame":85,"values":[0.7617,-0.6479,0,0,-0.6479,-0.7617,0,0,0,0,-1,0,-2.2697,-3.8797,0,1]},
{"frame":86,"values":[0.8008,-0.599,0,0,-0.599,-0.8008,0,0,0,0,-1,0,-2.2697,-3.8797,0,1]},
{"frame":87,"values":[0.8359,-0.5488,0,0,-0.5488,-0.8359,0,0,0,0,-1,0,-2.2697,-3.8797,0,1]},
{"frame":88,"values":[0.8673,-0.4978,0,0,-0.4978,-0.8673,0,0,0,0,-1,0,-2.2697,-3.8797,0,1]},
{"frame":89,"values":[0.8949,-0.4464,0,0,-0.4464,-0.8949,0,0,0,0,-1,0,-2.2697,-3.8797,0,1]},
{"frame":90,"values":[0.9188,-0.3947,0,0,-0.3947,-0.9188,0,0,0,0,-1,0,-2.2697,-3.8797,0,1]},
{"frame":91,"values":[0.9392,-0.3433,0,0,-0.3433,-0.9392,0,0,0,0,-1,0,-2.2697,-3.8797,0,1]}],"loopBehavior":1,"name":"anim","property":"_matrix"}},
{"name":"joint10","index":9,"matrix":[1,0,0,0,0,1,0,0,0,0,1,0,5.1736,0,0,1],"rest":[1,0,0,0,0,1,0,0,0,0,1,0,5.1736,0,0,1],"parentBoneIndex":8,"length":5.239
,"animation":{"dataType":3,"framePerSecond":30,"keys":[
{"frame":2,"values":[1,0,0,0,0,1,0,0,0,0,1,0,5.1736,0,0,1]},
{"frame":91,"values":[1,0,0,0,0,1,0,0,0,0,1,0,5.1736,0,0,1]}],"loopBehavior":1,"name":"anim","property":"_matrix"}},
{"name":"joint11","index":10,"matrix":[0.0446,-0.999,0,0,0.999,0.0446,0,0,0,0,1,0,5.239,0,0,1],"rest":[0.0446,-0.999,0,0,0.999,0.0446,0,0,0,0,1,0,5.239,0,0,1],"parentBoneIndex":9,"length":5.239
,"animation":{"dataType":3,"framePerSecond":30,"keys":[
{"frame":2,"values":[0.0446,-0.999,0,0,0.999,0.0446,0,0,0,0,1,0,5.239,0,0,1]},
{"frame":91,"values":[0.0446,-0.999,0,0,0.999,0.0446,0,0,0,0,1,0,5.239,0,0,1]}],"loopBehavior":1,"name":"anim","property":"_matrix"}},
{"name":"joint12","index":11,"matrix":[-0.8184,0.5747,0,0,-0.5747,-0.8184,0,0,0,0,1,0,-2.3029,3.9789,0,1],"rest":[0.0013,1,0,0,-1,0.0013,0,0,0,0,1,0,-2.3029,3.9789,0,1],"parentBoneIndex":0,"length":5.1736
,"animation":{"dataType":3,"framePerSecond":30,"keys":[
{"frame":2,"values":[-0.8184,0.5747,0,0,-0.5747,-0.8184,0,0,0,0,1,0,-2.3029,3.9789,0,1]},
{"frame":3,"values":[-0.8104,0.5859,0,0,-0.5859,-0.8104,0,0,0,0,1,0,-2.3029,3.9789,0,1]},
{"frame":4,"values":[-0.8023,0.5969,0,0,-0.5969,-0.8023,0,0,0,0,1,0,-2.3029,3.9789,0,1]},
{"frame":5,"values":[-0.794,0.6079,0,0,-0.6079,-0.794,0,0,0,0,1,0,-2.3029,3.9789,0,1]},
{"frame":6,"values":[-0.7855,0.6188,0,0,-0.6188,-0.7855,0,0,0,0,1,0,-2.3029,3.9789,0,1]},
{"frame":7,"values":[-0.7769,0.6296,0,0,-0.6296,-0.7769,0,0,0,0,1,0,-2.3029,3.9789,0,1]},
{"frame":8,"values":[-0.7682,0.6402,0,0,-0.6402,-0.7682,0,0,0,0,1,0,-2.3029,3.9789,0,1]},
{"frame":9,"values":[-0.7593,0.6508,0,0,-0.6508,-0.7593,0,0,0,0,1,0,-2.3029,3.9789,0,1]},
{"frame":10,"values":[-0.7502,0.6612,0,0,-0.6612,-0.7502,0,0,0,0,1,0,-2.3029,3.9789,0,1]},
{"frame":11,"values":[-0.741,0.6715,0,0,-0.6715,-0.741,0,0,0,0,1,0,-2.3029,3.9789,0,1]},
{"frame":12,"values":[-0.7317,0.6816,0,0,-0.6816,-0.7317,0,0,0,0,1,0,-2.3029,3.9789,0,1]},
{"frame":13,"values":[-0.7222,0.6917,0,0,-0.6917,-0.7222,0,0,0,0,1,0,-2.3029,3.9789,0,1]},
{"frame":14,"values":[-0.7126,0.7016,0,0,-0.7016,-0.7126,0,0,0,0,1,0,-2.3029,3.9789,0,1]},
{"frame":15,"values":[-0.7029,0.7113,0,0,-0.7113,-0.7029,0,0,0,0,1,0,-2.3029,3.9789,0,1]},
{"frame":16,"values":[-0.693,0.7209,0,0,-0.7209,-0.693,0,0,0,0,1,0,-2.3029,3.9789,0,1]},
{"frame":17,"values":[-0.683,0.7304,0,0,-0.7304,-0.683,0,0,0,0,1,0,-2.3029,3.9789,0,1]},
{"frame":18,"values":[-0.6729,0.7398,0,0,-0.7398,-0.6729,0,0,0,0,1,0,-2.3029,3.9789,0,1]},
{"frame":19,"values":[-0.6626,0.749,0,0,-0.749,-0.6626,0,0,0,0,1,0,-2.3029,3.9789,0,1]},
{"frame":20,"values":[-0.6523,0.758,0,0,-0.758,-0.6523,0,0,0,0,1,0,-2.3029,3.9789,0,1]},
{"frame":21,"values":[-0.6418,0.7669,0,0,-0.7669,-0.6418,0,0,0,0,1,0,-2.3029,3.9789,0,1]},
{"frame":22,"values":[-0.6616,0.7499,0,0,-0.7499,-0.6616,0,0,0,0,1,0,-2.3029,3.9789,0,1]},
{"frame":23,"values":[-0.681,0.7323,0,0,-0.7323,-0.681,0,0,0,0,1,0,-2.3029,3.9789,0,1]},
{"frame":24,"values":[-0.6999,0.7142,0,0,-0.7142,-0.6999,0,0,0,0,1,0,-2.3029,3.9789,0,1]},
{"frame":25,"values":[-0.7184,0.6956,0,0,-0.6956,-0.7184,0,0,0,0,1,0,-2.3029,3.9789,0,1]},
{"frame":26,"values":[-0.7364,0.6766,0,0,-0.6766,-0.7364,0,0,0,0,1,0,-2.3029,3.9789,0,1]},
{"frame":27,"values":[-0.7539,0.657,0,0,-0.657,-0.7539,0,0,0,0,1,0,-2.3029,3.9789,0,1]},
{"frame":28,"values":[-0.7708,0.637,0,0,-0.637,-0.7708,0,0,0,0,1,0,-2.3029,3.9789,0,1]},
{"frame":29,"values":[-0.7872,0.6166,0,0,-0.6166,-0.7872,0,0,0,0,1,0,-2.3029,3.9789,0,1]},
{"frame":30,"values":[-0.8031,0.5958,0,0,-0.5958,-0.8031,0,0,0,0,1,0,-2.3029,3.9789,0,1]},
{"frame":31,"values":[-0.8184,0.5747,0,0,-0.5747,-0.8184,0,0,0,0,1,0,-2.3029,3.9789,0,1]},
{"frame":32,"values":[-0.8031,0.5958,0,0,-0.5958,-0.8031,0,0,0,0,1,0,-2.3029,3.9789,0,1]},
{"frame":33,"values":[-0.7872,0.6166,0,0,-0.6166,-0.7872,0,0,0,0,1,0,-2.3029,3.9789,0,1]},
{"frame":34,"values":[-0.7708,0.637,0,0,-0.637,-0.7708,0,0,0,0,1,0,-2.3029,3.9789,0,1]},
{"frame":35,"values":[-0.7539,0.657,0,0,-0.657,-0.7539,0,0,0,0,1,0,-2.3029,3.9789,0,1]},
{"frame":36,"values":[-0.7364,0.6766,0,0,-0.6766,-0.7364,0,0,0,0,1,0,-2.3029,3.9789,0,1]},
{"frame":37,"values":[-0.7184,0.6956,0,0,-0.6956,-0.7184,0,0,0,0,1,0,-2.3029,3.9789,0,1]},
{"frame":38,"values":[-0.6999,0.7142,0,0,-0.7142,-0.6999,0,0,0,0,1,0,-2.3029,3.9789,0,1]},
{"frame":39,"values":[-0.681,0.7323,0,0,-0.7323,-0.681,0,0,0,0,1,0,-2.3029,3.9789,0,1]},
{"frame":40,"values":[-0.6616,0.7499,0,0,-0.7499,-0.6616,0,0,0,0,1,0,-2.3029,3.9789,0,1]},
{"frame":41,"values":[-0.6418,0.7669,0,0,-0.7669,-0.6418,0,0,0,0,1,0,-2.3029,3.9789,0,1]},
{"frame":42,"values":[-0.6616,0.7499,0,0,-0.7499,-0.6616,0,0,0,0,1,0,-2.3029,3.9789,0,1]},
{"frame":43,"values":[-0.681,0.7323,0,0,-0.7323,-0.681,0,0,0,0,1,0,-2.3029,3.9789,0,1]},
{"frame":44,"values":[-0.6999,0.7142,0,0,-0.7142,-0.6999,0,0,0,0,1,0,-2.3029,3.9789,0,1]},
{"frame":45,"values":[-0.7184,0.6956,0,0,-0.6956,-0.7184,0,0,0,0,1,0,-2.3029,3.9789,0,1]},
{"frame":46,"values":[-0.7364,0.6766,0,0,-0.6766,-0.7364,0,0,0,0,1,0,-2.3029,3.9789,0,1]},
{"frame":47,"values":[-0.7539,0.657,0,0,-0.657,-0.7539,0,0,0,0,1,0,-2.3029,3.9789,0,1]},
{"frame":48,"values":[-0.7708,0.637,0,0,-0.637,-0.7708,0,0,0,0,1,0,-2.3029,3.9789,0,1]},
{"frame":49,"values":[-0.7872,0.6166,0,0,-0.6166,-0.7872,0,0,0,0,1,0,-2.3029,3.9789,0,1]},
{"frame":50,"values":[-0.8031,0.5958,0,0,-0.5958,-0.8031,0,0,0,0,1,0,-2.3029,3.9789,0,1]},
{"frame":51,"values":[-0.8184,0.5747,0,0,-0.5747,-0.8184,0,0,0,0,1,0,-2.3029,3.9789,0,1]},
{"frame":52,"values":[-0.8031,0.5958,0,0,-0.5958,-0.8031,0,0,0,0,1,0,-2.3029,3.9789,0,1]},
{"frame":53,"values":[-0.7872,0.6166,0,0,-0.6166,-0.7872,0,0,0,0,1,0,-2.3029,3.9789,0,1]},
{"frame":54,"values":[-0.7708,0.637,0,0,-0.637,-0.7708,0,0,0,0,1,0,-2.3029,3.9789,0,1]},
{"frame":55,"values":[-0.7539,0.657,0,0,-0.657,-0.7539,0,0,0,0,1,0,-2.3029,3.9789,0,1]},
{"frame":56,"values":[-0.7364,0.6766,0,0,-0.6766,-0.7364,0,0,0,0,1,0,-2.3029,3.9789,0,1]},
{"frame":57,"values":[-0.7184,0.6956,0,0,-0.6956,-0.7184,0,0,0,0,1,0,-2.3029,3.9789,0,1]},
{"frame":58,"values":[-0.6999,0.7142,0,0,-0.7142,-0.6999,0,0,0,0,1,0,-2.3029,3.9789,0,1]},
{"frame":59,"values":[-0.681,0.7323,0,0,-0.7323,-0.681,0,0,0,0,1,0,-2.3029,3.9789,0,1]},
{"frame":60,"values":[-0.6616,0.7499,0,0,-0.7499,-0.6616,0,0,0,0,1,0,-2.3029,3.9789,0,1]},
{"frame":61,"values":[-0.6418,0.7669,0,0,-0.7669,-0.6418,0,0,0,0,1,0,-2.3029,3.9789,0,1]},
{"frame":62,"values":[-0.5983,0.8012,0,0,-0.8012,-0.5983,0,0,0,0,1,0,-2.3029,3.9789,0,1]},
{"frame":63,"values":[-0.5518,0.834,0,0,-0.834,-0.5518,0,0,0,0,1,0,-2.3029,3.9789,0,1]},
{"frame":64,"values":[-0.5022,0.8648,0,0,-0.8648,-0.5022,0,0,0,0,1,0,-2.3029,3.9789,0,1]},
{"frame":65,"values":[-0.4495,0.8933,0,0,-0.8933,-0.4495,0,0,0,0,1,0,-2.3029,3.9789,0,1]},
{"frame":66,"values":[-0.394,0.9191,0,0,-0.9191,-0.394,0,0,0,0,1,0,-2.3029,3.9789,0,1]},
{"frame":67,"values":[-0.3357,0.942,0,0,-0.942,-0.3357,0,0,0,0,1,0,-2.3029,3.9789,0,1]},
{"frame":68,"values":[-0.2749,0.9615,0,0,-0.9615,-0.2749,0,0,0,0,1,0,-2.3029,3.9789,0,1]},
{"frame":69,"values":[-0.2119,0.9773,0,0,-0.9773,-0.2119,0,0,0,0,1,0,-2.3029,3.9789,0,1]},
{"frame":70,"values":[-0.1469,0.9891,0,0,-0.9891,-0.1469,0,0,0,0,1,0,-2.3029,3.9789,0,1]},
{"frame":71,"values":[-0.0804,0.9968,0,0,-0.9968,-0.0804,0,0,0,0,1,0,-2.3029,3.9789,0,1]},
{"frame":72,"values":[-0.0128,0.9999,0,0,-0.9999,-0.0128,0,0,0,0,1,0,-2.3029,3.9789,0,1]},
{"frame":73,"values":[0.0556,0.9985,0,0,-0.9985,0.0556,0,0,0,0,1,0,-2.3029,3.9789,0,1]},
{"frame":74,"values":[0.1242,0.9923,0,0,-0.9923,0.1242,0,0,0,0,1,0,-2.3029,3.9789,0,1]},
{"frame":75,"values":[0.1925,0.9813,0,0,-0.9813,0.1925,0,0,0,0,1,0,-2.3029,3.9789,0,1]},
{"frame":76,"values":[0.2601,0.9656,0,0,-0.9656,0.2601,0,0,0,0,1,0,-2.3029,3.9789,0,1]},
{"frame":77,"values":[0.3264,0.9452,0,0,-0.9452,0.3264,0,0,0,0,1,0,-2.3029,3.9789,0,1]},
{"frame":78,"values":[0.391,0.9204,0,0,-0.9204,0.391,0,0,0,0,1,0,-2.3029,3.9789,0,1]},
{"frame":79,"values":[0.4534,0.8913,0,0,-0.8913,0.4534,0,0,0,0,1,0,-2.3029,3.9789,0,1]},
{"frame":80,"values":[0.5133,0.8582,0,0,-0.8582,0.5133,0,0,0,0,1,0,-2.3029,3.9789,0,1]},
{"frame":81,"values":[0.5702,0.8215,0,0,-0.8215,0.5702,0,0,0,0,1,0,-2.3029,3.9789,0,1]},
{"frame":82,"values":[0.6239,0.7815,0,0,-0.7815,0.6239,0,0,0,0,1,0,-2.3029,3.9789,0,1]},
{"frame":83,"values":[0.6741,0.7386,0,0,-0.7386,0.6741,0,0,0,0,1,0,-2.3029,3.9789,0,1]},
{"frame":84,"values":[0.7207,0.6933,0,0,-0.6933,0.7207,0,0,0,0,1,0,-2.3029,3.9789,0,1]},
{"frame":85,"values":[0.7634,0.6459,0,0,-0.6459,0.7634,0,0,0,0,1,0,-2.3029,3.9789,0,1]},
{"frame":86,"values":[0.8023,0.5969,0,0,-0.5969,0.8023,0,0,0,0,1,0,-2.3029,3.9789,0,1]},
{"frame":87,"values":[0.8374,0.5466,0,0,-0.5466,0.8374,0,0,0,0,1,0,-2.3029,3.9789,0,1]},
{"frame":88,"values":[0.8686,0.4955,0,0,-0.4955,0.8686,0,0,0,0,1,0,-2.3029,3.9789,0,1]},
{"frame":89,"values":[0.896,0.444,0,0,-0.444,0.896,0,0,0,0,1,0,-2.3029,3.9789,0,1]},
{"frame":90,"values":[0.9198,0.3923,0,0,-0.3923,0.9198,0,0,0,0,1,0,-2.3029,3.9789,0,1]},
{"frame":91,"values":[0.9401,0.3408,0,0,-0.3408,0.9401,0,0,0,0,1,0,-2.3029,3.9789,0,1]}],"loopBehavior":1,"name":"anim","property":"_matrix"}},
{"name":"joint13","index":12,"matrix":[1,0.0083,0,0,-0.0083,1,0,0,0,0,1,0,5.1736,0,0,1],"rest":[1,0.0083,0,0,-0.0083,1,0,0,0,0,1,0,5.1736,0,0,1],"parentBoneIndex":11,"length":5.2392
,"animation":{"dataType":3,"framePerSecond":30,"keys":[
{"frame":2,"values":[1,0.0083,0,0,-0.0083,1,0,0,0,0,1,0,5.1736,0,0,1]},
{"frame":91,"values":[1,0.0083,0,0,-0.0083,1,0,0,0,0,1,0,5.1736,0,0,1]}],"loopBehavior":1,"name":"anim","property":"_matrix"}},
{"name":"joint14","index":13,"matrix":[-0.007,-1,0,0,1,-0.007,0,0,0,0,1,0,5.2392,0,0,1],"rest":[-0.007,-1,0,0,1,-0.007,0,0,0,0,1,0,5.2392,0,0,1],"parentBoneIndex":12,"length":5.2392
,"animation":{"dataType":3,"framePerSecond":30,"keys":[
{"frame":2,"values":[-0.007,-1,0,0,1,-0.007,0,0,0,0,1,0,5.2392,0,0,1]},
{"frame":91,"values":[-0.007,-1,0,0,1,-0.007,0,0,0,0,1,0,5.2392,0,0,1]}],"loopBehavior":1,"name":"anim","property":"_matrix"}},
{"name":"joint15","index":14,"matrix":[-1,0.0013,0,0,-0.0013,-1,0,0,0,0,1,0,-5.1897,0.0097,0,1],"rest":[-1,0.0013,0,0,-0.0013,-1,0,0,0,0,1,0,-5.1897,0.0097,0,1],"parentBoneIndex":0,"length":3.6018
,"animation":{"dataType":3,"framePerSecond":30,"keys":[
{"frame":2,"values":[-1,0.0013,0,0,-0.0013,-1,0,0,0,0,1,0,-5.1897,0.0097,0,1]},
{"frame":3,"values":[-0.9993,0.0013,0.0374,0,-0.0013,-1,0,0,0.0374,0,0.9993,0,-5.1897,0.0097,0,1]},
{"frame":4,"values":[-0.9972,0.0013,0.0748,0,-0.0013,-1,0,0,0.0748,-0.0001,0.9972,0,-5.1897,0.0097,0,1]},
{"frame":5,"values":[-0.9937,0.0013,0.1122,0,-0.0013,-1,0,0,0.1122,-0.0001,0.9937,0,-5.1897,0.0097,0,1]},
{"frame":6,"values":[-0.9888,0.0013,0.1494,0,-0.0013,-1,0,0,0.1494,-0.0002,0.9888,0,-5.1897,0.0097,0,1]},
{"frame":7,"values":[-0.9825,0.0013,0.1865,0,-0.0013,-1,0,0,0.1865,-0.0002,0.9825,0,-5.1897,0.0097,0,1]},
{"frame":8,"values":[-0.9748,0.0013,0.2232,0,-0.0013,-1,0,0,0.2232,-0.0003,0.9748,0,-5.1897,0.0097,0,1]},
{"frame":9,"values":[-0.9657,0.0013,0.2597,0,-0.0013,-1,0,0,0.2597,-0.0003,0.9657,0,-5.1897,0.0097,0,1]},
{"frame":10,"values":[-0.9553,0.0013,0.2957,0,-0.0013,-1,0,0,0.2957,-0.0004,0.9553,0,-5.1897,0.0097,0,1]},
{"frame":11,"values":[-0.9436,0.0012,0.3312,0,-0.0013,-1,0,0,0.3312,-0.0004,0.9436,0,-5.1897,0.0097,0,1]},
{"frame":62,"values":[-0.9542,0.0013,0.2992,0,-0.0013,-1,0,0,0.2992,-0.0004,0.9542,0,-5.1897,0.0097,0,1]},
{"frame":63,"values":[-0.9637,0.0013,0.2669,0,-0.0013,-1,0,0,0.2669,-0.0004,0.9637,0,-5.1897,0.0097,0,1]},
{"frame":64,"values":[-0.9722,0.0013,0.2342,0,-0.0013,-1,0,0,0.2342,-0.0003,0.9722,0,-5.1897,0.0097,0,1]},
{"frame":65,"values":[-0.9795,0.0013,0.2012,0,-0.0013,-1,0,0,0.2012,-0.0003,0.9795,0,-5.1897,0.0097,0,1]},
{"frame":66,"values":[-0.9858,0.0013,0.168,0,-0.0013,-1,0,0,0.168,-0.0002,0.9858,0,-5.1897,0.0097,0,1]},
{"frame":67,"values":[-0.9909,0.0013,0.1345,0,-0.0013,-1,0,0,0.1345,-0.0002,0.9909,0,-5.1897,0.0097,0,1]},
{"frame":68,"values":[-0.9949,0.0013,0.101,0,-0.0013,-1,0,0,0.101,-0.0001,0.9949,0,-5.1897,0.0097,0,1]},
{"frame":69,"values":[-0.9977,0.0013,0.0673,0,-0.0013,-1,0,0,0.0673,-0.0001,0.9977,0,-5.1897,0.0097,0,1]},
{"frame":70,"values":[-0.9994,0.0013,0.0336,0,-0.0013,-1,0,0,0.0336,0,0.9994,0,-5.1897,0.0097,0,1]},
{"frame":71,"values":[-1,0.0013,0,0,-0.0013,-1,0,0,0,0,1,0,-5.1897,0.0097,0,1]},
{"frame":72,"values":[-0.9989,0.0013,-0.0467,0,-0.0013,-1,0,0,-0.0467,0.0001,0.9989,0,-5.1897,0.0097,0,1]},
{"frame":73,"values":[-0.9956,0.0013,-0.0935,0,-0.0013,-1,0,0,-0.0935,0.0001,0.9956,0,-5.1897,0.0097,0,1]},
{"frame":74,"values":[-0.9901,0.0013,-0.1403,0,-0.0013,-1,0,0,-0.1403,0.0002,0.9901,0,-5.1897,0.0097,0,1]},
{"frame":75,"values":[-0.9824,0.0013,-0.1868,0,-0.0013,-1,0,0,-0.1868,0.0002,0.9824,0,-5.1897,0.0097,0,1]},
{"frame":76,"values":[-0.9725,0.0013,-0.233,0,-0.0013,-1,0,0,-0.233,0.0003,0.9725,0,-5.1897,0.0097,0,1]},
{"frame":77,"values":[-0.9604,0.0013,-0.2787,0,-0.0013,-1,0,0,-0.2787,0.0004,0.9604,0,-5.1897,0.0097,0,1]},
{"frame":78,"values":[-0.9462,0.0012,-0.3237,0,-0.0013,-1,0,0,-0.3237,0.0004,0.9462,0,-5.1897,0.0097,0,1]},
{"frame":79,"values":[-0.9299,0.0012,-0.3679,0,-0.0013,-1,0,0,-0.3679,0.0005,0.9299,0,-5.1897,0.0097,0,1]},
{"frame":80,"values":[-0.9116,0.0012,-0.4111,0,-0.0013,-1,0,0,-0.4111,0.0005,0.9116,0,-5.1897,0.0097,0,1]},
{"frame":81,"values":[-0.8914,0.0012,-0.4532,0,-0.0013,-1,0,0,-0.4532,0.0006,0.8914,0,-5.1897,0.0097,0,1]},
{"frame":82,"values":[-0.9116,0.0012,-0.4111,0,-0.0013,-1,0,0,-0.4111,0.0005,0.9116,0,-5.1897,0.0097,0,1]},
{"frame":83,"values":[-0.9299,0.0012,-0.3679,0,-0.0013,-1,0,0,-0.3679,0.0005,0.9299,0,-5.1897,0.0097,0,1]},
{"frame":84,"values":[-0.9462,0.0012,-0.3237,0,-0.0013,-1,0,0,-0.3237,0.0004,0.9462,0,-5.1897,0.0097,0,1]},
{"frame":85,"values":[-0.9604,0.0013,-0.2787,0,-0.0013,-1,0,0,-0.2787,0.0004,0.9604,0,-5.1897,0.0097,0,1]},
{"frame":86,"values":[-0.9725,0.0013,-0.233,0,-0.0013,-1,0,0,-0.233,0.0003,0.9725,0,-5.1897,0.0097,0,1]},
{"frame":87,"values":[-0.9824,0.0013,-0.1868,0,-0.0013,-1,0,0,-0.1868,0.0002,0.9824,0,-5.1897,0.0097,0,1]},
{"frame":88,"values":[-0.9901,0.0013,-0.1403,0,-0.0013,-1,0,0,-0.1403,0.0002,0.9901,0,-5.1897,0.0097,0,1]},
{"frame":89,"values":[-0.9956,0.0013,-0.0935,0,-0.0013,-1,0,0,-0.0935,0.0001,0.9956,0,-5.1897,0.0097,0,1]},
{"frame":90,"values":[-0.9989,0.0013,-0.0467,0,-0.0013,-1,0,0,-0.0467,0.0001,0.9989,0,-5.1897,0.0097,0,1]},
{"frame":91,"values":[-1,0.0013,0,0,-0.0013,-1,0,0,0,0,1,0,-5.1897,0.0097,0,1]}],"loopBehavior":1,"name":"anim","property":"_matrix"}},
{"name":"joint16","index":15,"matrix":[-1,-0.0013,0,0,0.0013,-1,0,0,0,0,1,0,3.6018,0,0,1],"rest":[-1,-0.0013,0,0,0.0013,-1,0,0,0,0,1,0,3.6018,0,0,1],"parentBoneIndex":14,"length":3.6018
,"animation":{"dataType":3,"framePerSecond":30,"keys":[
{"frame":2,"values":[-1,-0.0013,0,0,0.0013,-1,0,0,0,0,1,0,3.6018,0,0,1]},
{"frame":91,"values":[-1,-0.0013,0,0,0.0013,-1,0,0,0,0,1,0,3.6018,0,0,1]}],"loopBehavior":1,"name":"anim","property":"_matrix"}}]
,"ranges":[{"name":"Armature|Take 001|BaseLayer","from":0,"to":91}]}],
"meshes":[{"name":"GirlSliding","id":"GirlSliding","materialId":"GirlSliding.GirlTex","billboardMode":0,"position":[0,0,0],"rotation":[0,0,0],"scaling":[1,1,1],"isVisible":true,"freezeWorldMatrix":false,"isEnabled":true,"checkCollisions":false,"receiveShadows":false,"skeletonId":0,"numBoneInfluencers":3
