{"producer":{"name":"Blender","version":"2.78 (sub 0)","exporter_version":"5.4.0","file":"MonkeyWalk.babylon"},
"autoClear":true,"clearColor":[0.0509,0.0509,0.0509],"ambientColor":[0,0,0],"gravity":[0,-9.81,0],
"materials":[{"name":"MonkeyWalk.phong1","id":"MonkeyWalk.phong1","ambient":[1,1,1],"diffuse":[1,1,1],"specular":[0,0,0],"emissive":[0.1,0.1,0.1],"specularPower":1,"alpha":1,"backFaceCulling":true,"checkReadyOnlyOnce":false,"maxSimultaneousLights":4, 
"diffuseTexture":{"name":"MonkeyApe.png","level":1,"hasAlpha":1,"coordinatesMode":0,"uOffset":0,"vOffset":0,"uScale":1,"vScale":1,"uAng":0,"vAng":0,"wAng":0,"wrapU":1,"wrapV":1,"coordinatesIndex":0}}],
"multiMaterials":[],
"skeletons":[{"name":"Armature","id":0,"dimensionsAtRest":[18.2307,19.9032,0],"bones":[
{"name":"joint1","index":0,"matrix":[-0.4,0.0026,0,0,0.0026,0.4,0,0,0,0,0.4,0,0.0101,4.0855,0,1],"rest":[-0.4,0.0026,0,0,0.0026,0.4,0,0,0,0,0.4,0,0.0101,3.9779,0,1],"parentBoneIndex":-1,"length":2.7909
,"animation":{"dataType":3,"framePerSecond":30,"keys":[
{"frame":2,"values":[-0.4,0.0026,0,0,0.0026,0.4,0,0,0,0,0.4,0,0.0101,4.0855,0,1]},
{"frame":3,"values":[-0.4,0.0026,0,0,0.0026,0.4,0,0,0,0,0.4,0,0.0101,4.0788,0,1]},
{"frame":4,"values":[-0.4,0.0026,0,0,0.0026,0.4,0,0,0,0,0.4,0,0.0101,4.0614,0,1]},
{"frame":5,"values":[-0.4,0.0026,0,0,0.0026,0.4,0,0,0,0,0.4,0,0.0101,4.0375,0,1]},
{"frame":6,"values":[-0.4,0.0026,0,0,0.0026,0.4,0,0,0,0,0.4,0,0.0101,4.0116,0,1]},
{"frame":7,"values":[-0.4,0.0026,0,0,0.0026,0.4,0,0,0,0,0.4,0,0.0101,3.9878,0,1]},
{"frame":8,"values":[-0.4,0.0026,0,0,0.0026,0.4,0,0,0,0,0.4,0,0.0101,3.9704,0,1]},
{"frame":9,"values":[-0.4,0.0026,0,0,0.0026,0.4,0,0,0,0,0.4,0,0.0101,3.9636,0,1]},
{"frame":10,"values":[-0.4,0.0026,0,0,0.0026,0.4,0,0,0,0,0.4,0,0.0101,3.9704,0,1]},
{"frame":11,"values":[-0.4,0.0026,0,0,0.0026,0.4,0,0,0,0,0.4,0,0.0101,3.9878,0,1]},
{"frame":12,"values":[-0.4,0.0026,0,0,0.0026,0.4,0,0,0,0,0.4,0,0.0101,4.0116,0,1]},
{"frame":13,"values":[-0.4,0.0026,0,0,0.0026,0.4,0,0,0,0,0.4,0,0.0101,4.0375,0,1]},
{"frame":14,"values":[-0.4,0.0026,0,0,0.0026,0.4,0,0,0,0,0.4,0,0.0101,4.0614,0,1]},
{"frame":15,"values":[-0.4,0.0026,0,0,0.0026,0.4,0,0,0,0,0.4,0,0.0101,4.0788,0,1]},
{"frame":16,"values":[-0.4,0.0026,0,0,0.0026,0.4,0,0,0,0,0.4,0,0.0101,4.0855,0,1]},
{"frame":17,"values":[-0.4,0.0026,0,0,0.0026,0.4,0,0,0,0,0.4,0,0.0101,4.0765,0,1]},
{"frame":18,"values":[-0.4,0.0026,0,0,0.0026,0.4,0,0,0,0,0.4,0,0.0101,4.0539,0,1]},
{"frame":19,"values":[-0.4,0.0026,0,0,0.0026,0.4,0,0,0,0,0.4,0,0.0101,4.0246,0,1]},
{"frame":20,"values":[-0.4,0.0026,0,0,0.0026,0.4,0,0,0,0,0.4,0,0.0101,3.9952,0,1]},
{"frame":21,"values":[-0.4,0.0026,0,0,0.0026,0.4,0,0,0,0,0.4,0,0.0101,3.9726,0,1]},
{"frame":22,"values":[-0.4,0.0026,0,0,0.0026,0.4,0,0,0,0,0.4,0,0.0101,3.9636,0,1]},
{"frame":23,"values":[-0.4,0.0026,0,0,0.0026,0.4,0,0,0,0,0.4,0,0.0101,3.9678,0,1]},
{"frame":24,"values":[-0.4,0.0026,0,0,0.0026,0.4,0,0,0,0,0.4,0,0.0101,3.979,0,1]},
{"frame":25,"values":[-0.4,0.0026,0,0,0.0026,0.4,0,0,0,0,0.4,0,0.0101,3.9952,0,1]},
{"frame":26,"values":[-0.4,0.0026,0,0,0.0026,0.4,0,0,0,0,0.4,0,0.0101,4.0144,0,1]},
{"frame":27,"values":[-0.4,0.0026,0,0,0.0026,0.4,0,0,0,0,0.4,0,0.0101,4.0347,0,1]},
{"frame":28,"values":[-0.4,0.0026,0,0,0.0026,0.4,0,0,0,0,0.4,0,0.0101,4.0539,0,1]},
{"frame":29,"values":[-0.4,0.0026,0,0,0.0026,0.4,0,0,0,0,0.4,0,0.0101,4.0701,0,1]},
{"frame":30,"values":[-0.4,0.0026,0,0,0.0026,0.4,0,0,0,0,0.4,0,0.0101,4.0814,0,1]},
{"frame":31,"values":[-0.4,0.0026,0,0,0.0026,0.4,0,0,0,0,0.4,0,0.0101,4.0855,0,1]}],"loopBehavior":1,"name":"anim","property":"_matrix"}},
{"name":"joint2","index":1,"matrix":[1,-0.0065,0,0,0.0065,0.9956,-0.0935,0,0.0006,0.0935,0.9956,0,2.6684,0,0,1],"rest":[1,-0.0065,0,0,0.0065,1,0,0,0,0,1,0,2.6684,0,0,1],"parentBoneIndex":0,"length":2.9125
,"animation":{"dataType":3,"framePerSecond":30,"keys":[
{"frame":2,"values":[1,-0.0065,0,0,0.0065,0.9956,-0.0935,0,0.0006,0.0935,0.9956,0,2.6684,0,0,1]},
{"frame":3,"values":[1,-0.0065,0,0,0.0065,0.997,-0.0769,0,0.0005,0.0769,0.997,0,2.6684,0,0,1]},
{"frame":4,"values":[1,-0.0065,0,0,0.0065,0.9982,-0.0602,0,0.0004,0.0602,0.9982,0,2.6684,0,0,1]},
{"frame":5,"values":[1,-0.0065,0,0,0.0065,0.999,-0.0435,0,0.0003,0.0435,0.9991,0,2.6684,0,0,1]},
{"frame":6,"values":[1,-0.0065,0,0,0.0065,0.9996,-0.0268,0,0.0002,0.0268,0.9996,0,2.6684,0,0,1]},
{"frame":7,"values":[1,-0.0065,0,0,0.0065,0.9999,-0.0101,0,0.0001,0.0101,0.9999,0,2.6684,0,0,1]},
{"frame":8,"values":[1,-0.0065,0,0,0.0065,1,0.0066,0,0,-0.0066,1,0,2.6684,0,0,1]},
{"frame":9,"values":[1,-0.0065,0,0,0.0065,0.9997,0.0233,0,-0.0002,-0.0233,0.9997,0,2.6684,0,0,1]},
{"frame":10,"values":[1,-0.0065,0,0,0.0065,0.9992,0.0401,0,-0.0003,-0.0401,0.9992,0,2.6684,0,0,1]},
{"frame":11,"values":[1,-0.0065,0,0,0.0065,0.9984,0.0568,0,-0.0004,-0.0568,0.9984,0,2.6684,0,0,1]},
{"frame":12,"values":[1,-0.0065,0,0,0.0065,0.9973,0.0734,0,-0.0005,-0.0734,0.9973,0,2.6684,0,0,1]},
{"frame":13,"values":[1,-0.0065,0,0,0.0065,0.9959,0.0901,0,-0.0006,-0.0901,0.9959,0,2.6684,0,0,1]},
{"frame":14,"values":[1,-0.0065,0,0,0.0065,0.9943,0.1067,0,-0.0007,-0.1067,0.9943,0,2.6684,0,0,1]},
{"frame":15,"values":[1,-0.0065,0,0,0.0065,0.9923,0.1233,0,-0.0008,-0.1233,0.9924,0,2.6684,0,0,1]},
{"frame":16,"values":[1,-0.0065,0,0,0.0065,0.9902,0.1398,0,-0.0009,-0.1398,0.9902,0,2.6684,0,0,1]},
{"frame":17,"values":[1,-0.0065,0,0,0.0065,0.9922,0.1244,0,-0.0008,-0.1244,0.9922,0,2.6684,0,0,1]},
{"frame":18,"values":[1,-0.0065,0,0,0.0065,0.994,0.1089,0,-0.0007,-0.1089,0.994,0,2.6684,0,0,1]},
{"frame":19,"values":[1,-0.0065,0,0,0.0065,0.9956,0.0934,0,-0.0006,-0.0934,0.9956,0,2.6684,0,0,1]},
{"frame":20,"values":[1,-0.0065,0,0,0.0065,0.9969,0.0779,0,-0.0005,-0.0779,0.997,0,2.6684,0,0,1]},
{"frame":21,"values":[1,-0.0065,0,0,0.0065,0.998,0.0623,0,-0.0004,-0.0623,0.9981,0,2.6684,0,0,1]},
{"frame":22,"values":[1,-0.0065,0,0,0.0065,0.9989,0.0467,0,-0.0003,-0.0467,0.9989,0,2.6684,0,0,1]},
{"frame":23,"values":[1,-0.0065,0,0,0.0065,0.9995,0.0311,0,-0.0002,-0.0311,0.9995,0,2.6684,0,0,1]},
{"frame":24,"values":[1,-0.0065,0,0,0.0065,0.9999,0.0155,0,-0.0001,-0.0155,0.9999,0,2.6684,0,0,1]},
{"frame":25,"values":[1,-0.0065,0,0,0.0065,1,-0.0001,0,0,0.0001,1,0,2.6684,0,0,1]},
{"frame":26,"values":[1,-0.0065,0,0,0.0065,0.9999,-0.0157,0,0.0001,0.0157,0.9999,0,2.6684,0,0,1]},
{"frame":27,"values":[1,-0.0065,0,0,0.0065,0.9995,-0.0313,0,0.0002,0.0313,0.9995,0,2.6684,0,0,1]},
{"frame":28,"values":[1,-0.0065,0,0,0.0065,0.9989,-0.0469,0,0.0003,0.0469,0.9989,0,2.6684,0,0,1]},
{"frame":29,"values":[1,-0.0065,0,0,0.0065,0.998,-0.0624,0,0.0004,0.0624,0.998,0,2.6684,0,0,1]},
{"frame":30,"values":[1,-0.0065,0,0,0.0065,0.9969,-0.078,0,0.0005,0.078,0.997,0,2.6684,0,0,1]},
{"frame":31,"values":[1,-0.0065,0,0,0.0065,0.9956,-0.0935,0,0.0006,0.0935,0.9956,0,2.6684,0,0,1]}],"loopBehavior":1,"name":"anim","property":"_matrix"}},
{"name":"joint3","index":2,"matrix":[-0.1294,-0.8735,0.4694,0,0.9892,-0.1466,0,0,0.0688,0.4643,0.883,0,1.407,-2.7898,0,1],"rest":[1,0.0098,0,0,-0.0098,1,0,0,0,0,1,0,2.9125,0,0,1],"parentBoneIndex":1,"length":3.558
,"animation":{"dataType":3,"framePerSecond":30,"keys":[
{"frame":2,"values":[-0.1294,-0.8735,0.4694,0,0.9892,-0.1466,0,0,0.0688,0.4643,0.883,0,1.407,-2.7898,0,1]},
{"frame":3,"values":[-0.1345,-0.9076,0.3977,0,0.9892,-0.1466,0,0,0.0583,0.3934,0.9175,0,1.407,-2.7898,0,1]},
{"frame":4,"values":[-0.1388,-0.9366,0.3219,0,0.9892,-0.1466,0,0,0.0472,0.3184,0.9468,0,1.407,-2.7898,0,1]},
{"frame":5,"values":[-0.1422,-0.9597,0.2425,0,0.9892,-0.1466,0,0,0.0356,0.2399,0.9701,0,1.407,-2.7898,0,1]},
{"frame":6,"values":[-0.1447,-0.9764,0.1604,0,0.9892,-0.1466,0,0,0.0235,0.1586,0.9871,0,1.407,-2.7898,0,1]},
{"frame":7,"values":[-0.1462,-0.9863,0.0762,0,0.9892,-0.1466,0,0,0.0112,0.0753,0.9971,0,1.407,-2.7898,0,1]},
{"frame":8,"values":[-0.1466,-0.9892,-0.0092,0,0.9892,-0.1466,0,0,-0.0014,-0.0091,1,0,1.407,-2.7898,0,1]},
{"frame":9,"values":[-0.1459,-0.9847,-0.0949,0,0.9892,-0.1466,0,0,-0.0139,-0.0938,0.9955,0,1.407,-2.7898,0,1]},
{"frame":10,"values":[-0.1442,-0.9731,-0.1798,0,0.9892,-0.1466,0,0,-0.0264,-0.1778,0.9837,0,1.407,-2.7898,0,1]},
{"frame":11,"values":[-0.1414,-0.9544,-0.2631,0,0.9892,-0.1466,0,0,-0.0386,-0.2602,0.9648,0,1.407,-2.7898,0,1]},
{"frame":12,"values":[-0.1376,-0.9289,-0.3439,0,0.9892,-0.1466,0,0,-0.0504,-0.3402,0.939,0,1.407,-2.7898,0,1]},
{"frame":13,"values":[-0.1329,-0.8971,-0.4214,0,0.9892,-0.1466,0,0,-0.0618,-0.4168,0.9069,0,1.407,-2.7898,0,1]},
{"frame":14,"values":[-0.1274,-0.8596,-0.4949,0,0.9892,-0.1466,0,0,-0.0725,-0.4895,0.869,0,1.407,-2.7898,0,1]},
{"frame":15,"values":[-0.1211,-0.817,-0.5638,0,0.9892,-0.1466,0,0,-0.0826,-0.5577,0.8259,0,1.407,-2.7898,0,1]},
{"frame":16,"values":[-0.1141,-0.7701,-0.6277,0,0.9892,-0.1466,0,0,-0.092,-0.6209,0.7785,0,1.407,-2.7898,0,1]},
{"frame":17,"values":[-0.1206,-0.814,-0.5682,0,0.9892,-0.1466,0,0,-0.0833,-0.5621,0.8229,0,1.407,-2.7898,0,1]},
{"frame":18,"values":[-0.1266,-0.8542,-0.5043,0,0.9892,-0.1466,0,0,-0.0739,-0.4989,0.8635,0,1.407,-2.7898,0,1]},
{"frame":19,"values":[-0.1319,-0.89,-0.4364,0,0.9892,-0.1466,0,0,-0.064,-0.4317,0.8997,0,1.407,-2.7898,0,1]},
{"frame":20,"values":[-0.1365,-0.921,-0.3649,0,0.9892,-0.1466,0,0,-0.0535,-0.361,0.931,0,1.407,-2.7898,0,1]},
{"frame":21,"values":[-0.1403,-0.9466,-0.2903,0,0.9892,-0.1466,0,0,-0.0426,-0.2872,0.9569,0,1.407,-2.7898,0,1]},
{"frame":22,"values":[-0.1432,-0.9664,-0.2133,0,0.9892,-0.1466,0,0,-0.0313,-0.211,0.977,0,1.407,-2.7898,0,1]},
{"frame":23,"values":[-0.1452,-0.9802,-0.1346,0,0.9892,-0.1466,0,0,-0.0197,-0.1332,0.9909,0,1.407,-2.7898,0,1]},
{"frame":24,"values":[-0.1464,-0.9877,-0.0549,0,0.9892,-0.1466,0,0,-0.0081,-0.0543,0.9985,0,1.407,-2.7898,0,1]},
{"frame":25,"values":[-0.1465,-0.9889,0.025,0,0.9892,-0.1466,0,0,0.0037,0.0247,0.9997,0,1.407,-2.7898,0,1]},
{"frame":26,"values":[-0.1458,-0.9838,0.1044,0,0.9892,-0.1466,0,0,0.0153,0.1033,0.9945,0,1.407,-2.7898,0,1]},
{"frame":27,"values":[-0.1441,-0.9726,0.1825,0,0.9892,-0.1466,0,0,0.0268,0.1805,0.9832,0,1.407,-2.7898,0,1]},
{"frame":28,"values":[-0.1416,-0.9555,0.2586,0,0.9892,-0.1466,0,0,0.0379,0.2559,0.966,0,1.407,-2.7898,0,1]},
{"frame":29,"values":[-0.1383,-0.933,0.3322,0,0.9892,-0.1466,0,0,0.0487,0.3286,0.9432,0,1.407,-2.7898,0,1]},
{"frame":30,"values":[-0.1342,-0.9055,0.4026,0,0.9892,-0.1466,0,0,0.059,0.3982,0.9154,0,1.407,-2.7898,0,1]},
{"frame":31,"values":[-0.1294,-0.8735,0.4694,0,0.9892,-0.1466,0,0,0.0688,0.4643,0.883,0,1.407,-2.7898,0,1]}],"loopBehavior":1,"name":"anim","property":"_matrix"}},
{"name":"joint4","index":3,"matrix":[-1,0.0098,0,0,0.0098,1,0,0,0,0,-1,0,3.558,0,0,1],"rest":[-1,0.0098,0,0,0.0098,1,0,0,0,0,-1,0,3.558,0,0,1],"parentBoneIndex":2,"length":3.558
,"animation":{"dataType":3,"framePerSecond":30,"keys":[
{"frame":2,"values":[-1,0.0098,0,0,0.0098,1,0,0,0,0,-1,0,3.558,0,0,1]},
{"frame":31,"values":[-1,0.0098,0,0,0.0098,1,0,0,0,0,-1,0,3.558,0,0,1]}],"loopBehavior":1,"name":"anim","property":"_matrix"}},
{"name":"joint5","index":4,"matrix":[-1,-0.0054,0,0,-0.0054,1,0,0,0,0,-1,0,-2.633,0.087,0,1],"rest":[-1,-0.0054,0,0,-0.0054,1,0,0,0,0,-1,0,-2.633,0.087,0,1],"parentBoneIndex":0,"length":2.9127
,"animation":{"dataType":3,"framePerSecond":30,"keys":[
{"frame":2,"values":[-1,-0.0054,0,0,-0.0054,1,0,0,0,0,-1,0,-2.633,0.087,0,1]},
{"frame":31,"values":[-1,-0.0054,0,0,-0.0054,1,0,0,0,0,-1,0,-2.633,0.087,0,1]}],"loopBehavior":1,"name":"anim","property":"_matrix"}},
{"name":"joint6","index":5,"matrix":[0.1696,-0.8665,0.4694,0,0.9814,0.1921,0,0,-0.0902,0.4606,0.883,0,0.2907,-2.4164,0,1],"rest":[0.9996,0.0268,0,0,-0.0268,0.9996,0,0,0,0,1,0,2.9127,0,0,1],"parentBoneIndex":4,"length":3.5233
,"animation":{"dataType":3,"framePerSecond":30,"keys":[
{"frame":2,"values":[0.1696,-0.8665,0.4694,0,0.9814,0.1921,0,0,-0.0902,0.4606,0.883,0,0.2907,-2.4164,0,1]},
{"frame":3,"values":[0.1763,-0.9004,0.3977,0,0.9814,0.1921,0,0,-0.0764,0.3903,0.9175,0,0.2907,-2.4164,0,1]},
{"frame":4,"values":[0.1819,-0.9292,0.3219,0,0.9814,0.1921,0,0,-0.0618,0.3159,0.9468,0,0.2907,-2.4164,0,1]},
{"frame":5,"values":[0.1864,-0.9521,0.2425,0,0.9814,0.1921,0,0,-0.0466,0.238,0.9701,0,0.2907,-2.4164,0,1]},
{"frame":6,"values":[0.1896,-0.9687,0.1604,0,0.9814,0.1921,0,0,-0.0308,0.1574,0.9871,0,0.2907,-2.4164,0,1]},
{"frame":7,"values":[0.1916,-0.9785,0.0762,0,0.9814,0.1921,0,0,-0.0146,0.0747,0.9971,0,0.2907,-2.4164,0,1]},
{"frame":8,"values":[0.1921,-0.9813,-0.0092,0,0.9814,0.1921,0,0,0.0018,-0.0091,1,0,0.2907,-2.4164,0,1]},
{"frame":9,"values":[0.1912,-0.9769,-0.0949,0,0.9814,0.1921,0,0,0.0182,-0.0931,0.9955,0,0.2907,-2.4164,0,1]},
{"frame":10,"values":[0.189,-0.9654,-0.1798,0,0.9814,0.1921,0,0,0.0345,-0.1764,0.9837,0,0.2907,-2.4164,0,1]},
{"frame":11,"values":[0.1853,-0.9468,-0.2631,0,0.9814,0.1921,0,0,0.0505,-0.2582,0.9648,0,0.2907,-2.4164,0,1]},
{"frame":12,"values":[0.1804,-0.9215,-0.3439,0,0.9814,0.1921,0,0,0.0661,-0.3375,0.939,0,0.2907,-2.4164,0,1]},
{"frame":13,"values":[0.1742,-0.89,-0.4214,0,0.9814,0.1921,0,0,0.0809,-0.4135,0.9069,0,0.2907,-2.4164,0,1]},
{"frame":14,"values":[0.1669,-0.8528,-0.4949,0,0.9814,0.1921,0,0,0.0951,-0.4857,0.869,0,0.2907,-2.4164,0,1]},
{"frame":15,"values":[0.1587,-0.8105,-0.5638,0,0.9814,0.1921,0,0,0.1083,-0.5533,0.8259,0,0.2907,-2.4164,0,1]},
{"frame":16,"values":[0.1495,-0.764,-0.6277,0,0.9814,0.1921,0,0,0.1206,-0.616,0.7785,0,0.2907,-2.4164,0,1]},
{"frame":17,"values":[0.1581,-0.8076,-0.5682,0,0.9814,0.1921,0,0,0.1092,-0.5576,0.8229,0,0.2907,-2.4164,0,1]},
{"frame":18,"values":[0.1659,-0.8474,-0.5043,0,0.9814,0.1921,0,0,0.0969,-0.4949,0.8635,0,0.2907,-2.4164,0,1]},
{"frame":19,"values":[0.1728,-0.883,-0.4364,0,0.9814,0.1921,0,0,0.0838,-0.4283,0.8997,0,0.2907,-2.4164,0,1]},
{"frame":20,"values":[0.1789,-0.9137,-0.3649,0,0.9814,0.1921,0,0,0.0701,-0.3581,0.931,0,0.2907,-2.4164,0,1]},
{"frame":21,"values":[0.1838,-0.9391,-0.2903,0,0.9814,0.1921,0,0,0.0558,-0.2849,0.9569,0,0.2907,-2.4164,0,1]},
{"frame":22,"values":[0.1877,-0.9588,-0.2133,0,0.9814,0.1921,0,0,0.041,-0.2094,0.977,0,0.2907,-2.4164,0,1]},
{"frame":23,"values":[0.1904,-0.9724,-0.1346,0,0.9814,0.1921,0,0,0.0259,-0.1321,0.9909,0,0.2907,-2.4164,0,1]},
{"frame":24,"values":[0.1918,-0.9799,-0.0549,0,0.9814,0.1921,0,0,0.0106,-0.0539,0.9985,0,0.2907,-2.4164,0,1]},
{"frame":25,"values":[0.192,-0.9811,0.025,0,0.9814,0.1921,0,0,-0.0048,0.0245,0.9997,0,0.2907,-2.4164,0,1]},
{"frame":26,"values":[0.1911,-0.976,0.1044,0,0.9814,0.1921,0,0,-0.0201,0.1025,0.9945,0,0.2907,-2.4164,0,1]},
{"frame":27,"values":[0.1889,-0.9649,0.1825,0,0.9814,0.1921,0,0,-0.0351,0.1791,0.9832,0,0.2907,-2.4164,0,1]},
{"frame":28,"values":[0.1856,-0.948,0.2586,0,0.9814,0.1921,0,0,-0.0497,0.2538,0.966,0,0.2907,-2.4164,0,1]},
{"frame":29,"values":[0.1812,-0.9256,0.3322,0,0.9814,0.1921,0,0,-0.0638,0.326,0.9432,0,0.2907,-2.4164,0,1]},
{"frame":30,"values":[0.1759,-0.8983,0.4026,0,0.9814,0.1921,0,0,-0.0773,0.3951,0.9154,0,0.2907,-2.4164,0,1]},
{"frame":31,"values":[0.1696,-0.8665,0.4694,0,0.9814,0.1921,0,0,-0.0902,0.4606,0.883,0,0.2907,-2.4164,0,1]}],"loopBehavior":1,"name":"anim","property":"_matrix"}},
{"name":"joint7","index":6,"matrix":[-0.9998,0.0214,0,0,0.0214,0.9998,0,0,0,0,-1,0,3.5233,0,0,1],"rest":[-0.9998,0.0214,0,0,0.0214,0.9998,0,0,0,0,-1,0,3.5233,0,0,1],"parentBoneIndex":5,"length":3.5233
,"animation":{"dataType":3,"framePerSecond":30,"keys":[
{"frame":2,"values":[-0.9998,0.0214,0,0,0.0214,0.9998,0,0,0,0,-1,0,3.5233,0,0,1]},
{"frame":31,"values":[-0.9998,0.0214,0,0,0.0214,0.9998,0,0,0,0,-1,0,3.5233,0,0,1]}],"loopBehavior":1,"name":"anim","property":"_matrix"}},
{"name":"joint8","index":7,"matrix":[-0.0069,1,0,0,1,0.0069,0,0,0,0,-1,0,0.0626,1.5692,0,1],"rest":[-0.0069,1,0,0,1,0.0069,0,0,0,0,-1,0,0.0626,1.5692,0,1],"parentBoneIndex":0,"length":3.907
,"animation":{"dataType":3,"framePerSecond":30,"keys":[
{"frame":2,"values":[-0.0069,1,0,0,1,0.0069,0,0,0,0,-1,0,0.0626,1.5692,0,1]},
{"frame":3,"values":[-0.0069,0.9999,-0.0118,0,1,0.0069,0,0,0.0001,-0.0118,-0.9999,0,0.0626,1.5692,0,1]},
{"frame":4,"values":[-0.0069,0.9997,-0.0237,0,1,0.0069,0,0,0.0002,-0.0237,-0.9997,0,0.0626,1.5692,0,1]},
{"frame":5,"values":[-0.0069,0.9993,-0.0355,0,1,0.0069,0,0,0.0002,-0.0355,-0.9994,0,0.0626,1.5692,0,1]},
{"frame":6,"values":[-0.0068,0.9989,-0.0474,0,1,0.0069,0,0,0.0003,-0.0474,-0.9989,0,0.0626,1.5692,0,1]},
{"frame":7,"values":[-0.0068,0.9982,-0.0592,0,1,0.0069,0,0,0.0004,-0.0592,-0.9982,0,0.0626,1.5693,0,1]},
{"frame":8,"values":[-0.0068,0.9975,-0.071,0,1,0.0069,0,0,0.0005,-0.071,-0.9975,0,0.0626,1.5692,0,1]},
{"frame":9,"values":[-0.0068,0.998,-0.0622,0,1,0.0069,0,0,0.0004,-0.0622,-0.9981,0,0.0626,1.5692,0,1]},
{"frame":10,"values":[-0.0068,0.9986,-0.0533,0,1,0.0069,0,0,0.0004,-0.0533,-0.9986,0,0.0626,1.5692,0,1]},
{"frame":11,"values":[-0.0068,0.999,-0.0444,0,1,0.0069,0,0,0.0003,-0.0444,-0.999,0,0.0626,1.5693,0,1]},
{"frame":12,"values":[-0.0069,0.9993,-0.0355,0,1,0.0069,0,0,0.0002,-0.0355,-0.9994,0,0.0626,1.5692,0,1]},
{"frame":13,"values":[-0.0069,0.9996,-0.0267,0,1,0.0069,0,0,0.0002,-0.0267,-0.9996,0,0.0626,1.5692,0,1]},
{"frame":14,"values":[-0.0069,0.9998,-0.0178,0,1,0.0069,0,0,0.0001,-0.0178,-0.9998,0,0.0626,1.5692,0,1]},
{"frame":15,"values":[-0.0069,0.9999,-0.0089,0,1,0.0069,0,0,0.0001,-0.0089,-1,0,0.0626,1.5692,0,1]},
{"frame":16,"values":[-0.0069,1,0,0,1,0.0069,0,0,0,0,-1,0,0.0626,1.5692,0,1]},
{"frame":17,"values":[-0.0069,0.9999,-0.0073,0,1,0.0069,0,0,0.0001,-0.0073,-1,0,0.0626,1.5692,0,1]},
{"frame":18,"values":[-0.0069,0.9999,-0.0146,0,1,0.0069,0,0,0.0001,-0.0146,-0.9999,0,0.0626,1.5692,0,1]},
{"frame":19,"values":[-0.0069,0.9997,-0.0219,0,1,0.0069,0,0,0.0002,-0.0219,-0.9998,0,0.0626,1.5692,0,1]},
{"frame":20,"values":[-0.0069,0.9995,-0.0293,0,1,0.0069,0,0,0.0002,-0.0293,-0.9996,0,0.0626,1.5693,0,1]},
{"frame":21,"values":[-0.0069,0.9993,-0.0366,0,1,0.0069,0,0,0.0003,-0.0366,-0.9993,0,0.0626,1.5692,0,1]},
{"frame":22,"values":[-0.0068,0.999,-0.0439,0,1,0.0069,0,0,0.0003,-0.0439,-0.999,0,0.0626,1.5692,0,1]},
{"frame":23,"values":[-0.0069,0.9992,-0.039,0,1,0.0069,0,0,0.0003,-0.039,-0.9992,0,0.0626,1.5692,0,1]},
{"frame":24,"values":[-0.0069,0.9994,-0.0341,0,1,0.0069,0,0,0.0002,-0.0341,-0.9994,0,0.0626,1.5692,0,1]},
{"frame":25,"values":[-0.0069,0.9995,-0.0293,0,1,0.0069,0,0,0.0002,-0.0293,-0.9996,0,0.0626,1.5693,0,1]},
{"frame":26,"values":[-0.0069,0.9997,-0.0244,0,1,0.0069,0,0,0.0002,-0.0244,-0.9997,0,0.0626,1.5692,0,1]},
{"frame":27,"values":[-0.0069,0.9998,-0.0195,0,1,0.0069,0,0,0.0001,-0.0195,-0.9998,0,0.0626,1.5692,0,1]},
{"frame":28,"values":[-0.0069,0.9999,-0.0146,0,1,0.0069,0,0,0.0001,-0.0146,-0.9999,0,0.0626,1.5692,0,1]},
{"frame":29,"values":[-0.0069,0.9999,-0.0098,0,1,0.0069,0,0,0.0001,-0.0098,-1,0,0.0626,1.5692,0,1]},
{"frame":30,"values":[-0.0069,1,-0.0049,0,1,0.0069,0,0,0,-0.0049,-1,0,0.0626,1.5693,0,1]},
{"frame":31,"values":[-0.0069,1,0,0,1,0.0069,0,0,0,0,-1,0,0.0626,1.5692,0,1]}],"loopBehavior":1,"name":"anim","property":"_matrix"}},
{"name":"joint9","index":8,"matrix":[-0.0069,1,0,0,1,0.0069,0,0,0,0,-1,0,3.907,0,0,1],"rest":[-0.0069,1,0,0,1,0.0069,0,0,0,0,-1,0,3.907,0,0,1],"parentBoneIndex":7,"length":3.907
,"animation":{"dataType":3,"framePerSecond":30,"keys":[
{"frame":2,"values":[-0.0069,1,0,0,1,0.0069,0,0,0,0,-1,0,3.907,0,0,1]},
{"frame":31,"values":[-0.0069,1,0,0,1,0.0069,0,0,0,0,-1,0,3.907,0,0,1]}],"loopBehavior":1,"name":"anim","property":"_matrix"}},
{"name":"joint10","index":9,"matrix":[0.8941,-0.4479,0,0,0.4479,0.8941,0,0,0,0,1,0,-0.0106,-4.2903,0,1],"rest":[0.8941,-0.4479,0,0,0.4479,0.8941,0,0,0,0,1,0,-0.0106,-4.2903,0,1],"parentBoneIndex":0,"length":2.1208
,"animation":{"dataType":3,"framePerSecond":30,"keys":[
{"frame":2,"values":[0.8941,-0.4479,0,0,0.4479,0.8941,0,0,0,0,1,0,-0.0106,-4.2903,0,1]},
{"frame":31,"values":[0.8941,-0.4479,0,0,0.4479,0.8941,0,0,0,0,1,0,-0.0106,-4.2903,0,1]}],"loopBehavior":1,"name":"anim","property":"_matrix"}},
{"name":"joint11","index":10,"matrix":[0.3179,-0.4714,-0.8226,0,0.829,0.5592,0,0,0.46,-0.682,0.5686,0,2.1085,0,0,1],"rest":[0.5592,-0.829,0,0,0.829,0.5592,0,0,0,0,1,0,2.1085,0,0,1],"parentBoneIndex":9,"length":0.781
,"animation":{"dataType":3,"framePerSecond":30,"keys":[
{"frame":2,"values":[0.3179,-0.4714,-0.8226,0,0.829,0.5592,0,0,0.46,-0.682,0.5686,0,2.1085,0,0,1]},
{"frame":3,"values":[0.3506,-0.5198,-0.7791,0,0.829,0.5592,0,0,0.4356,-0.6459,0.6269,0,2.1085,0,0,1]},
{"frame":4,"values":[0.3819,-0.5662,-0.7305,0,0.829,0.5592,0,0,0.4085,-0.6056,0.6829,0,2.1085,0,0,1]},
{"frame":5,"values":[0.4115,-0.61,-0.6771,0,0.829,0.5592,0,0,0.3787,-0.5614,0.7358,0,2.1085,0,0,1]},
{"frame":6,"values":[0.4391,-0.6509,-0.6193,0,0.829,0.5592,0,0,0.3463,-0.5134,0.7852,0,2.1085,0,0,1]},
{"frame":7,"values":[0.4643,-0.6884,-0.5572,0,0.829,0.5592,0,0,0.3116,-0.462,0.8303,0,2.1085,0,0,1]},
{"frame":8,"values":[0.487,-0.722,-0.4915,0,0.829,0.5592,0,0,0.2749,-0.4075,0.8709,0,2.1085,0,0,1]},
{"frame":9,"values":[0.5068,-0.7513,-0.4227,0,0.829,0.5592,0,0,0.2364,-0.3504,0.9063,0,2.1085,0,0,1]},
{"frame":10,"values":[0.5235,-0.7762,-0.3513,0,0.829,0.5592,0,0,0.1965,-0.2913,0.9363,0,2.1085,0,0,1]},
{"frame":11,"values":[0.5371,-0.7963,-0.2781,0,0.829,0.5592,0,0,0.1555,-0.2305,0.9606,0,2.1085,0,0,1]},
{"frame":12,"values":[0.5475,-0.8117,-0.2036,0,0.829,0.5592,0,0,0.1139,-0.1688,0.9791,0,2.1085,0,0,1]},
{"frame":13,"values":[0.5546,-0.8221,-0.1286,0,0.829,0.5592,0,0,0.0719,-0.1066,0.9917,0,2.1085,0,0,1]},
{"frame":14,"values":[0.5584,-0.8278,-0.0538,0,0.829,0.5592,0,0,0.0301,-0.0446,0.9986,0,2.1085,0,0,1]},
{"frame":15,"values":[0.5591,-0.8289,0.0203,0,0.829,0.5592,0,0,-0.0114,0.0168,0.9998,0,2.1085,0,0,1]},
{"frame":16,"values":[0.5568,-0.8254,0.093,0,0.829,0.5592,0,0,-0.052,0.0771,0.9957,0,2.1085,0,0,1]},
{"frame":17,"values":[0.559,-0.8288,0.0252,0,0.829,0.5592,0,0,-0.0141,0.0209,0.9997,0,2.1085,0,0,1]},
{"frame":18,"values":[0.5587,-0.8282,-0.0438,0,0.829,0.5592,0,0,0.0245,-0.0363,0.999,0,2.1085,0,0,1]},
{"frame":19,"values":[0.5556,-0.8237,-0.1136,0,0.829,0.5592,0,0,0.0635,-0.0942,0.9935,0,2.1085,0,0,1]},
{"frame":20,"values":[0.5497,-0.8149,-0.1836,0,0.829,0.5592,0,0,0.1027,-0.1522,0.983,0,2.1085,0,0,1]},
{"frame":21,"values":[0.541,-0.802,-0.2534,0,0.829,0.5592,0,0,0.1417,-0.21,0.9674,0,2.1085,0,0,1]},
{"frame":22,"values":[0.5294,-0.7848,-0.3222,0,0.829,0.5592,0,0,0.1802,-0.2671,0.9467,0,2.1085,0,0,1]},
{"frame":23,"values":[0.515,-0.7635,-0.3897,0,0.829,0.5592,0,0,0.2179,-0.3231,0.921,0,2.1085,0,0,1]},
{"frame":24,"values":[0.4979,-0.7382,-0.4552,0,0.829,0.5592,0,0,0.2545,-0.3774,0.8904,0,2.1085,0,0,1]},
{"frame":25,"values":[0.4782,-0.709,-0.5182,0,0.829,0.5592,0,0,0.2898,-0.4296,0.8552,0,2.1085,0,0,1]},
{"frame":26,"values":[0.4562,-0.6763,-0.5784,0,0.829,0.5592,0,0,0.3234,-0.4795,0.8158,0,2.1085,0,0,1]},
{"frame":27,"values":[0.4319,-0.6404,-0.6351,0,0.829,0.5592,0,0,0.3552,-0.5265,0.7724,0,2.1085,0,0,1]},
{"frame":28,"values":[0.4057,-0.6015,-0.6882,0,0.829,0.5592,0,0,0.3848,-0.5705,0.7255,0,2.1085,0,0,1]},
{"frame":29,"values":[0.3778,-0.5601,-0.7373,0,0.829,0.5592,0,0,0.4123,-0.6112,0.6756,0,2.1085,0,0,1]},
{"frame":30,"values":[0.3484,-0.5166,-0.7821,0,0.829,0.5592,0,0,0.4374,-0.6484,0.6231,0,2.1085,0,0,1]},
{"frame":31,"values":[0.3179,-0.4714,-0.8226,0,0.829,0.5592,0,0,0.46,-0.682,0.5686,0,2.1085,0,0,1]}],"loopBehavior":1,"name":"anim","property":"_matrix"}},
{"name":"joint12","index":11,"matrix":[0.9887,-0.1498,0,0,-0.1498,-0.9887,0,0,0,0,-1,0,0.6564,0,0.2689,1],"rest":[0.9887,-0.1498,0,0,-0.1498,-0.9887,0,0,0,0,-1,0,0.781,0,0,1],"parentBoneIndex":10,"length":2.1785
,"animation":{"dataType":3,"framePerSecond":30,"keys":[
{"frame":2,"values":[0.9887,-0.1498,0,0,-0.1498,-0.9887,0,0,0,0,-1,0,0.6564,0,0.2689,1]},
{"frame":31,"values":[0.9887,-0.1498,0,0,-0.1498,-0.9887,0,0,0,0,-1,0,0.6564,0,0.2689,1]}],"loopBehavior":1,"name":"anim","property":"_matrix"}},
{"name":"joint13","index":12,"matrix":[0.9214,-0.0231,-0.3882,0,-0.0251,-0.9997,0,0,-0.3882,0.0097,-0.9216,0,1.7955,0.058,-0.8358,1],"rest":[0.9997,-0.0251,0,0,-0.0251,-0.9997,0,0,0,0,-1,0,2.1785,0,0,1],"parentBoneIndex":11,"length":2.3408
,"animation":{"dataType":3,"framePerSecond":30,"keys":[
{"frame":2,"values":[0.9214,-0.0231,-0.3882,0,-0.0251,-0.9997,0,0,-0.3882,0.0097,-0.9216,0,1.7955,0.058,-0.8358,1]},
{"frame":31,"values":[0.9214,-0.0231,-0.3882,0,-0.0251,-0.9997,0,0,-0.3882,0.0097,-0.9216,0,1.7955,0.058,-0.8358,1]}],"loopBehavior":1,"name":"anim","property":"_matrix"}},
{"name":"joint14","index":13,"matrix":[0.0037,1,0,0,-1,0.0037,0,0,0,0,1,0,2.3404,0,0,1],"rest":[0.0037,1,0,0,-1,0.0037,0,0,0,0,1,0,2.3408,0,0,1],"parentBoneIndex":12,"length":2.3407
,"animation":{"dataType":3,"framePerSecond":30,"keys":[
{"frame":2,"values":[0.0037,1,0,0,-1,0.0037,0,0,0,0,1,0,2.3404,0,0,1]},
{"frame":3,"values":[0.0037,1,0,0,-1,0.0037,0,0,0,0,1,0,2.2047,0.0039,-0.0198,1]},
{"frame":4,"values":[0.0037,1,0,0,-1,0.0037,0,0,0,0,1,0,2.069,0.0078,-0.0397,1]},
{"frame":5,"values":[0.0037,1,0,0,-1,0.0037,0,0,0,0,1,0,1.9333,0.0117,-0.0595,1]},
{"frame":6,"values":[0.0037,1,0,0,-1,0.0037,0,0,0,0,1,0,1.7976,0.0156,-0.0793,1]},
{"frame":7,"values":[0.0037,1,0,0,-1,0.0037,0,0,0,0,1,0,1.6619,0.0195,-0.0991,1]},
{"frame":8,"values":[0.0037,1,0,0,-1,0.0037,0,0,0,0,1,0,1.5262,0.0234,-0.119,1]},
{"frame":9,"values":[0.0037,1,0,0,-1,0.0037,0,0,0,0,1,0,1.628,0.0205,-0.1041,1]},
{"frame":10,"values":[0.0037,1,0,0,-1,0.0037,0,0,0,0,1,0,1.7298,0.0176,-0.0892,1]},
{"frame":11,"values":[0.0037,1,0,0,-1,0.0037,0,0,0,0,1,0,1.8315,0.0146,-0.0744,1]},
{"frame":12,"values":[0.0037,1,0,0,-1,0.0037,0,0,0,0,1,0,1.9333,0.0117,-0.0595,1]},
{"frame":13,"values":[0.0037,1,0,0,-1,0.0037,0,0,0,0,1,0,2.0351,0.0088,-0.0446,1]},
{"frame":14,"values":[0.0037,1,0,0,-1,0.0037,0,0,0,0,1,0,2.1369,0.0058,-0.0297,1]},
{"frame":15,"values":[0.0037,1,0,0,-1,0.0037,0,0,0,0,1,0,2.2386,0.0029,-0.0149,1]},
{"frame":16,"values":[0.0037,1,0,0,-1,0.0037,0,0,0,0,1,0,2.3404,0,0,1]},
{"frame":17,"values":[0.0037,1,0,0,-1,0.0037,0,0,0,0,1,0,2.2005,0.0021,0.0171,1]},
{"frame":18,"values":[0.0037,1,0,0,-1,0.0037,0,0,0,0,1,0,2.0605,0.0042,0.0342,1]},
{"frame":19,"values":[0.0037,1,0,0,-1,0.0037,0,0,0,0,1,0,1.9206,0.0064,0.0513,1]},
{"frame":20,"values":[0.0037,1,0,0,-1,0.0037,0,0,0,0,1,0,1.7806,0.0085,0.0684,1]},
{"frame":21,"values":[0.0037,1,0,0,-1,0.0037,0,0,0,0,1,0,1.6407,0.0106,0.0855,1]},
{"frame":22,"values":[0.0037,1,0,0,-1,0.0037,0,0,0,0,1,0,1.5007,0.0128,0.1026,1]},
{"frame":23,"values":[0.0037,1,0,0,-1,0.0037,0,0,0,0,1,0,1.594,0.0113,0.0912,1]},
{"frame":24,"values":[0.0037,1,0,0,-1,0.0037,0,0,0,0,1,0,1.6873,0.0099,0.0798,1]},
{"frame":25,"values":[0.0037,1,0,0,-1,0.0037,0,0,0,0,1,0,1.7806,0.0085,0.0684,1]},
{"frame":26,"values":[0.0037,1,0,0,-1,0.0037,0,0,0,0,1,0,1.8739,0.0071,0.057,1]},
{"frame":27,"values":[0.0037,1,0,0,-1,0.0037,0,0,0,0,1,0,1.9672,0.0057,0.0456,1]},
{"frame":28,"values":[0.0037,1,0,0,-1,0.0037,0,0,0,0,1,0,2.0605,0.0042,0.0342,1]},
{"frame":29,"values":[0.0037,1,0,0,-1,0.0037,0,0,0,0,1,0,2.1538,0.0028,0.0228,1]},
{"frame":30,"values":[0.0037,1,0,0,-1,0.0037,0,0,0,0,1,0,2.2471,0.0014,0.0114,1]},
{"frame":31,"values":[0.0037,1,0,0,-1,0.0037,0,0,0,0,1,0,2.3404,0,0,1]}],"loopBehavior":1,"name":"anim","property":"_matrix"}},
{"name":"joint15","index":14,"matrix":[0.3408,-0.9358,0.0898,0,-0.9396,-0.3422,0,0,0.0307,-0.0844,-0.996,0,-1.2978,-1.693,0,1],"rest":[0.3422,-0.9396,0,0,-0.9396,-0.3422,0,0,0,0,-1,0,-1.2978,-1.693,0,1],"parentBoneIndex":9,"length":0.7237
,"animation":{"dataType":3,"framePerSecond":30,"keys":[
{"frame":2,"values":[0.3408,-0.9358,0.0898,0,-0.9396,-0.3422,0,0,0.0307,-0.0844,-0.996,0,-1.2978,-1.693,0,1]},
{"frame":3,"values":[0.3421,-0.9395,0.0171,0,-0.9396,-0.3422,0,0,0.0059,-0.0161,-0.9999,0,-1.2978,-1.693,0,1]},
{"frame":4,"values":[0.3416,-0.9381,-0.057,0,-0.9396,-0.3422,0,0,-0.0195,0.0535,-0.9984,0,-1.2978,-1.693,0,1]},
{"frame":5,"values":[0.3392,-0.9314,-0.1318,0,-0.9396,-0.3422,0,0,-0.0451,0.1238,-0.9913,0,-1.2978,-1.693,0,1]},
{"frame":6,"values":[0.3348,-0.9193,-0.2067,0,-0.9396,-0.3422,0,0,-0.0707,0.1943,-0.9784,0,-1.2978,-1.693,0,1]},
{"frame":7,"values":[0.3284,-0.9017,-0.2811,0,-0.9396,-0.3422,0,0,-0.0962,0.2642,-0.9597,0,-1.2978,-1.693,0,1]},
{"frame":8,"values":[0.32,-0.8787,-0.3543,0,-0.9396,-0.3422,0,0,-0.1212,0.3329,-0.9351,0,-1.2978,-1.693,0,1]},
{"frame":9,"values":[0.3096,-0.8503,-0.4256,0,-0.9396,-0.3422,0,0,-0.1456,0.3999,-0.9049,0,-1.2978,-1.693,0,1]},
{"frame":10,"values":[0.2974,-0.8168,-0.4943,0,-0.9396,-0.3422,0,0,-0.1691,0.4645,-0.8693,0,-1.2978,-1.693,0,1]},
{"frame":11,"values":[0.2835,-0.7785,-0.5599,0,-0.9396,-0.3422,0,0,-0.1916,0.5261,-0.8286,0,-1.2978,-1.693,0,1]},
{"frame":12,"values":[0.268,-0.7359,-0.6218,0,-0.9396,-0.3422,0,0,-0.2128,0.5842,-0.7832,0,-1.2978,-1.693,0,1]},
{"frame":13,"values":[0.251,-0.6894,-0.6795,0,-0.9396,-0.3422,0,0,-0.2325,0.6385,-0.7337,0,-1.2978,-1.693,0,1]},
{"frame":14,"values":[0.2329,-0.6395,-0.7327,0,-0.9396,-0.3422,0,0,-0.2507,0.6885,-0.6806,0,-1.2978,-1.693,0,1]},
{"frame":15,"values":[0.2137,-0.5868,-0.7811,0,-0.9396,-0.3422,0,0,-0.2673,0.7339,-0.6245,0,-1.2978,-1.693,0,1]},
{"frame":16,"values":[0.1937,-0.5318,-0.8244,0,-0.9396,-0.3422,0,0,-0.2821,0.7747,-0.566,0,-1.2978,-1.693,0,1]},
{"frame":17,"values":[0.2124,-0.5832,-0.7841,0,-0.9396,-0.3422,0,0,-0.2683,0.7368,-0.6206,0,-1.2978,-1.693,0,1]},
{"frame":18,"values":[0.2304,-0.6326,-0.7394,0,-0.9396,-0.3422,0,0,-0.253,0.6948,-0.6732,0,-1.2978,-1.693,0,1]},
{"frame":19,"values":[0.2475,-0.6797,-0.6905,0,-0.9396,-0.3422,0,0,-0.2363,0.6488,-0.7233,0,-1.2978,-1.693,0,1]},
{"frame":20,"values":[0.2636,-0.7239,-0.6376,0,-0.9396,-0.3422,0,0,-0.2182,0.5991,-0.7704,0,-1.2978,-1.693,0,1]},
{"frame":21,"values":[0.2785,-0.7648,-0.581,0,-0.9396,-0.3422,0,0,-0.1988,0.5459,-0.8139,0,-1.2978,-1.693,0,1]},
{"frame":22,"values":[0.2921,-0.8021,-0.521,0,-0.9396,-0.3422,0,0,-0.1783,0.4895,-0.8536,0,-1.2978,-1.693,0,1]},
{"frame":23,"values":[0.3042,-0.8353,-0.458,0,-0.9396,-0.3422,0,0,-0.1567,0.4304,-0.8889,0,-1.2978,-1.693,0,1]},
{"frame":24,"values":[0.3147,-0.8642,-0.3926,0,-0.9396,-0.3422,0,0,-0.1343,0.3689,-0.9197,0,-1.2978,-1.693,0,1]},
{"frame":25,"values":[0.3236,-0.8886,-0.3252,0,-0.9396,-0.3422,0,0,-0.1113,0.3056,-0.9456,0,-1.2978,-1.693,0,1]},
{"frame":26,"values":[0.3307,-0.9082,-0.2564,0,-0.9396,-0.3422,0,0,-0.0877,0.241,-0.9666,0,-1.2978,-1.693,0,1]},
{"frame":27,"values":[0.3361,-0.9231,-0.1868,0,-0.9396,-0.3422,0,0,-0.0639,0.1755,-0.9824,0,-1.2978,-1.693,0,1]},
{"frame":28,"values":[0.3398,-0.9332,-0.1168,0,-0.9396,-0.3422,0,0,-0.04,0.1097,-0.9932,0,-1.2978,-1.693,0,1]},
{"frame":29,"values":[0.3418,-0.9386,-0.047,0,-0.9396,-0.3422,0,0,-0.0161,0.0442,-0.9989,0,-1.2978,-1.693,0,1]},
{"frame":30,"values":[0.3421,-0.9394,0.022,0,-0.9396,-0.3422,0,0,0.0075,-0.0207,-0.9998,0,-1.2978,-1.693,0,1]},
{"frame":31,"values":[0.3408,-0.9358,0.0898,0,-0.9396,-0.3422,0,0,0.0307,-0.0844,-0.996,0,-1.2978,-1.693,0,1]}],"loopBehavior":1,"name":"anim","property":"_matrix"}},
{"name":"joint16","index":15,"matrix":[0.9964,-0.0849,0,0,0.0849,0.9964,0,0,0,0,1,0,0.597,0,-0.2678,1],"rest":[0.9964,-0.0849,0,0,0.0849,0.9964,0,0,0,0,1,0,0.7237,0,0,1],"parentBoneIndex":14,"length":2.2113
,"animation":{"dataType":3,"framePerSecond":30,"keys":[
{"frame":2,"values":[0.9964,-0.0849,0,0,0.0849,0.9964,0,0,0,0,1,0,0.597,0,-0.2678,1]},
{"frame":31,"values":[0.9964,-0.0849,0,0,0.0849,0.9964,0,0,0,0,1,0,0.597,0,-0.2678,1]}],"loopBehavior":1,"name":"anim","property":"_matrix"}},
{"name":"joint17","index":16,"matrix":[0.9119,-0.0469,-0.4077,0,-0.0514,-0.9987,0,0,-0.4072,0.021,-0.9131,0,1.8187,-0.0335,-0.8326,1],"rest":[0.9987,-0.0514,0,0,-0.0514,-0.9987,0,0,0,0,-1,0,2.2113,0,0,1],"parentBoneIndex":15,"length":2.3555
,"animation":{"dataType":3,"framePerSecond":30,"keys":[
{"frame":2,"values":[0.9119,-0.0469,-0.4077,0,-0.0514,-0.9987,0,0,-0.4072,0.021,-0.9131,0,1.8187,-0.0335,-0.8326,1]},
{"frame":31,"values":[0.9119,-0.0469,-0.4077,0,-0.0514,-0.9987,0,0,-0.4072,0.021,-0.9131,0,1.8187,-0.0335,-0.8326,1]}],"loopBehavior":1,"name":"anim","property":"_matrix"}},
{"name":"joint18","index":17,"matrix":[0.4668,0.8844,0,0,-0.8844,0.4668,0,0,0,0,1,0,2.3556,0,0,1],"rest":[0.4668,0.8844,0,0,-0.8844,0.4668,0,0,0,0,1,0,2.3555,0,0,1],"parentBoneIndex":16,"length":2.3555
,"animation":{"dataType":3,"framePerSecond":30,"keys":[
{"frame":2,"values":[0.4668,0.8844,0,0,-0.8844,0.4668,0,0,0,0,1,0,2.3556,0,0,1]},
{"frame":3,"values":[0.4668,0.8844,0,0,-0.8844,0.4668,0,0,0,0,1,0,2.219,0.0028,0.013,1]},
{"frame":4,"values":[0.4668,0.8844,0,0,-0.8844,0.4668,0,0,0,0,1,0,2.0825,0.0057,0.026,1]},
{"frame":5,"values":[0.4668,0.8844,0,0,-0.8844,0.4668,0,0,0,0,1,0,1.9459,0.0085,0.039,1]},
{"frame":6,"values":[0.4668,0.8844,0,0,-0.8844,0.4668,0,0,0,0,1,0,1.8094,0.0113,0.052,1]},
{"frame":7,"values":[0.4668,0.8844,0,0,-0.8844,0.4668,0,0,0,0,1,0,1.6728,0.0141,0.065,1]},
{"frame":8,"values":[0.4668,0.8844,0,0,-0.8844,0.4668,0,0,0,0,1,0,1.5363,0.017,0.078,1]},
{"frame":9,"values":[0.4668,0.8844,0,0,-0.8844,0.4668,0,0,0,0,1,0,1.6387,0.0148,0.0683,1]},
{"frame":10,"values":[0.4668,0.8844,0,0,-0.8844,0.4668,0,0,0,0,1,0,1.7411,0.0127,0.0585,1]},
{"frame":11,"values":[0.4668,0.8844,0,0,-0.8844,0.4668,0,0,0,0,1,0,1.8435,0.0106,0.0488,1]},
{"frame":12,"values":[0.4668,0.8844,0,0,-0.8844,0.4668,0,0,0,0,1,0,1.9459,0.0085,0.039,1]},
{"frame":13,"values":[0.4668,0.8844,0,0,-0.8844,0.4668,0,0,0,0,1,0,2.0484,0.0064,0.0293,1]},
{"frame":14,"values":[0.4668,0.8844,0,0,-0.8844,0.4668,0,0,0,0,1,0,2.1508,0.0042,0.0195,1]},
{"frame":15,"values":[0.4668,0.8844,0,0,-0.8844,0.4668,0,0,0,0,1,0,2.2532,0.0021,0.0098,1]},
{"frame":16,"values":[0.4668,0.8844,0,0,-0.8844,0.4668,0,0,0,0,1,0,2.3556,0,0,1]},
{"frame":17,"values":[0.4668,0.8844,0,0,-0.8844,0.4668,0,0,0,0,1,0,2.2167,0.0006,-0.0242,1]},
{"frame":18,"values":[0.4668,0.8844,0,0,-0.8844,0.4668,0,0,0,0,1,0,2.0778,0.0012,-0.0484,1]},
{"frame":19,"values":[0.4668,0.8844,0,0,-0.8844,0.4668,0,0,0,0,1,0,1.9388,0.0019,-0.0726,1]},
{"frame":20,"values":[0.4668,0.8844,0,0,-0.8844,0.4668,0,0,0,0,1,0,1.7999,0.0025,-0.0968,1]},
{"frame":21,"values":[0.4668,0.8844,0,0,-0.8844,0.4668,0,0,0,0,1,0,1.661,0.0031,-0.121,1]},
{"frame":22,"values":[0.4668,0.8844,0,0,-0.8844,0.4668,0,0,0,0,1,0,1.5221,0.0037,-0.1452,1]},
{"frame":23,"values":[0.4668,0.8844,0,0,-0.8844,0.4668,0,0,0,0,1,0,1.6147,0.0033,-0.1291,1]},
{"frame":24,"values":[0.4668,0.8844,0,0,-0.8844,0.4668,0,0,0,0,1,0,1.7073,0.0029,-0.1129,1]},
{"frame":25,"values":[0.4668,0.8844,0,0,-0.8844,0.4668,0,0,0,0,1,0,1.7999,0.0025,-0.0968,1]},
{"frame":26,"values":[0.4668,0.8844,0,0,-0.8844,0.4668,0,0,0,0,1,0,1.8925,0.0021,-0.0807,1]},
{"frame":27,"values":[0.4668,0.8844,0,0,-0.8844,0.4668,0,0,0,0,1,0,1.9851,0.0017,-0.0645,1]},
{"frame":28,"values":[0.4668,0.8844,0,0,-0.8844,0.4668,0,0,0,0,1,0,2.0778,0.0012,-0.0484,1]},
{"frame":29,"values":[0.4668,0.8844,0,0,-0.8844,0.4668,0,0,0,0,1,0,2.1704,0.0008,-0.0323,1]},
{"frame":30,"values":[0.4668,0.8844,0,0,-0.8844,0.4668,0,0,0,0,1,0,2.263,0.0004,-0.0161,1]},
{"frame":31,"values":[0.4668,0.8844,0,0,-0.8844,0.4668,0,0,0,0,1,0,2.3556,0,0,1]}],"loopBehavior":1,"name":"anim","property":"_matrix"}}]
,"ranges":[{"name":"Armature|Take 001|BaseLayer","from":0,"to":31}]}],
"meshes":[{"name":"MonkeyWalk","id":"MonkeyWalk","materialId":"MonkeyWalk.phong1","billboardMode":0,"position":[0,0,0],"rotation":[0,0,0],"scaling":[1,1,1],"isVisible":true,"freezeWorldMatrix":false,"isEnabled":true,"checkCollisions":false,"receiveShadows":false,"tags":"","skeletonId":0,"numBoneInfluencers":4
,"positions":[0.0922,2.4606,-1.0679,-0.0922,3.8027,-1.0621,-0.0922,2.4606,-1.0679,0.0865,7.2505,-0.1639,-0.0865,7.2505,0.1639,-0.0865,7.2505,-0.1639,0.1207,2.3477,0.8424,-0.1202,3.6523,0.9572,0.1008,3.7882,0.8404,0.0693,1.7819,-0.3074,-0.078,1.7172,0.2662,0.0679,1.7944,0.3359,1.0671,2.4679,0.3093,1.0684,3.8176,-0.3402,1.0689,2.4512,-0.3319,-1.0847,3.7097,0.4881,-1.0641,2.4884,-0.1583
,-1.1416,3.8076,-0.3944,0.0676,1.7978,0.4893,-0.1199,2.0999,0.8424,0.1207,2.0999,0.8424,0.0922,2.2706,-1.0679,-0.0697,1.7784,-0.7033,0.0697,1.7784,-0.7033,0.0922,4.402,-1.0688,-0.0584,4.7205,-0.6773,-0.0922,4.3942,-1.0707,0.7028,4.7185,0.2226,1.0973,4.3984,-0.238,1.0935,4.3716,0.3699,0.0584,4.7257,0.6728,-0.0922,4.416,0.835,-0.0584,4.7287,0.6696,-1.1877,4.3751,0.2442
,-0.7333,4.6981,-0.2377,-0.7126,4.7187,0.175,-1.209,4.2967,-0.3963,-0.7094,4.6946,-0.6961,0.0865,6.8773,-0.9974,-0.0865,6.8773,-0.1639,-0.0865,6.8771,-0.998,0.695,4.729,-0.6555,1.0679,4.4055,-1.0679,1.0679,2.4606,-1.0679,1.0695,3.8072,-1.0904,1.0685,2.265,-0.3146,0.4951,1.7784,-0.7033,0.494,1.7887,-0.2815,-0.0697,1.7784,-0.7033,-0.0635,1.8237,-0.2982,-1.0583,2.3414,-0.1787
,-0.4951,1.7784,-0.7033,-1.0679,2.2706,-1.0679,-1.0679,2.4606,-1.0679,-1.0679,3.7931,-1.0592,-1.0891,2.1157,0.342,-0.5134,1.644,0.3434,-0.5106,1.6644,0.186,-0.0757,1.7342,0.4519,0.0676,1.7978,0.4893,1.0666,2.2829,0.31,0.4921,1.8058,0.4963,1.0655,2.2926,0.8319,1.0174,3.8446,0.4023,1.0665,2.4738,0.8318,1.0679,3.822,0.8395,0.6884,4.7192,0.6819,0.0865,6.8773,0.1639
,-0.0865,6.8776,0.9966,-0.0865,6.8773,0.1639,-0.7086,4.7329,0.6468,-1.0679,4.4286,0.8296,-1.0887,2.308,0.3916,-1.0927,3.6582,0.9822,-1.1003,2.223,0.8343,0.4666,0.1863,1.3201,1.0245,-0.1136,0.7694,0.4656,-0.1112,0.7482,-1.0371,-0.0371,-0.9702,-0.4057,0.2805,-1.4268,-0.9589,0.3219,-1.506,-0.6764,4.8372,-0.2114,-0.6764,4.8423,0.1922,0.698,4.7241,-0.1834,0.6764,4.8402,0.2021
,0.6764,4.8402,-0.2021,0.0584,4.7229,-0.6753,-0.0584,4.8377,-0.6762,0.6764,4.8402,-0.6737,-0.6764,4.834,-0.6799,0.6764,4.8402,0.6737,0.0584,4.8402,0.6737,-0.0584,4.8419,0.6715,-0.6764,4.8459,0.6666,-0.6764,4.8423,0.1922,-1.0014,4.8377,-0.3046,-1.0014,4.8422,0.2933,0.6764,4.8402,0.2021,1.0014,4.8402,-0.2992,0.6764,4.8402,-0.2021,0.0865,4.8402,-0.9974,-0.0584,4.8377,-0.6762
,0.0584,4.8388,-0.675,0.6764,4.8402,-0.6737,1.0014,4.8402,-0.9974,-0.6764,4.834,-0.6799,-0.6764,4.8372,-0.2114,0.6764,4.8402,0.6737,1.0014,4.8402,0.2992,0.6764,4.8402,0.2021,0.0584,4.8402,0.6737,-0.0865,4.8429,0.9951,0.0865,4.8402,0.9974,-0.6764,4.8459,0.6666,-1.0014,4.8461,0.9925,-1.5811,5.8907,0.2964,-1.5811,6.6418,-0.3003,-1.5811,6.6422,0.297,1.5811,5.8903,-0.2992
,1.5811,6.642,0.2992,1.5811,6.642,-0.2992,0.0865,5.655,-0.9974,-0.0865,6.8771,-0.998,-0.0865,5.6539,-0.999,1.0014,5.655,-0.2992,1.0014,6.8773,-0.9974,1.0014,5.655,-0.9974,-1.0014,5.6538,-0.3042,-1.0014,6.8766,-0.999,-1.0014,6.877,-0.3011,1.0014,5.655,0.9974,1.0014,6.8773,0.2992,1.0014,5.655,0.2992,0.0865,6.8773,0.9974,-0.0865,5.6563,0.9952,-0.0865,6.8776,0.9966
,-1.0014,5.6584,0.9915,-1.0014,6.8774,0.2975,-1.0014,6.8784,0.9937,1.0014,4.8402,0.9974,1.0014,4.8402,0.2992,0.0865,5.655,0.9974,-0.0865,4.8429,0.9951,-1.0014,4.8461,0.9925,-1.0014,5.6557,0.2943,-1.0014,4.8422,0.2933,-1.0014,4.8377,-0.3046,-1.0014,5.6525,-1.0009,0.0865,4.8402,-1.2233,-0.0865,5.6531,-1.2255,-0.0865,4.8364,-1.2253,1.0014,4.8402,-0.2992,1.0014,4.8402,-0.9974
,1.0014,4.8402,0.2992,1.0014,4.8402,-0.2992,0.0865,4.8402,-1.2233,-0.0865,4.8358,-1.0004,1.0014,4.8402,-1.2233,1.0014,4.8402,-0.9974,0.0865,5.655,-1.2233,-0.0865,5.6539,-0.999,-0.0865,5.6531,-1.2255,-1.0014,4.8339,-1.0016,-1.0014,5.6501,-1.2289,-0.0922,2.2706,-1.0679,1.0679,2.2706,-1.0679,-1.099,2.0424,0.7888,-0.4951,1.7784,-0.7033,-0.4795,1.8931,-0.2907,-0.0697,1.7784,-0.7033
,-0.4951,1.7784,-0.7033,-0.5106,1.6644,0.186,-0.5134,1.644,0.3434,-0.5106,1.6644,0.186,-0.5134,1.644,0.3434,-1.099,2.0424,0.7888,-1.1003,2.223,0.8343,-1.099,2.0424,0.7888,-1.0927,3.6582,0.9822,-0.1199,2.3477,0.8424,-1.1003,2.223,0.8343,-0.7086,4.7329,0.6468,-0.6764,4.8459,0.6666,-0.6764,4.8459,0.6666,-1.0014,4.8461,0.9925,-1.0014,5.6584,0.9915,-0.0865,6.8776,0.9966
,-1.0014,5.6584,0.9915,-1.0014,6.8784,0.9937,-1.0014,6.8774,0.2975,-1.0014,6.8784,0.9937,-1.0014,6.8774,0.2975,-1.0014,6.877,-0.3011,-1.0014,6.877,-0.3011,-1.0014,6.8766,-0.999,-0.0865,5.6531,-1.2255,-1.0014,5.6525,-1.0009,-1.0014,5.6501,-1.2289,-1.0014,5.6501,-1.2289,-1.0014,4.8332,-1.2271,-1.0014,4.8339,-1.0016,-0.0865,4.8364,-1.2253,-1.0014,4.8332,-1.2271,-0.6764,4.834,-0.6799
