{"producer":{"name":"Blender","version":"2.78 (sub 0)","exporter_version":"5.4.0","file":"MonkeyShiver.babylon"},
"autoClear":true,"clearColor":[0.0509,0.0509,0.0509],"ambientColor":[0,0,0],"gravity":[0,-9.81,0],
"materials":[{"name":"MonkeyShiver.phong1","id":"MonkeyShiver.phong1","ambient":[1,1,1],"diffuse":[1,1,1],"specular":[0,0,0],"emissive":[0.1,0.1,0.1],"specularPower":1,"alpha":1,"backFaceCulling":true,"checkReadyOnlyOnce":false,"maxSimultaneousLights":4, 
"diffuseTexture":{"name":"MonkeyApe.png","level":1,"hasAlpha":1,"coordinatesMode":0,"uOffset":0,"vOffset":0,"uScale":1,"vScale":1,"uAng":0,"vAng":0,"wAng":0,"wrapU":1,"wrapV":1,"coordinatesIndex":0}}],
"multiMaterials":[],
"skeletons":[{"name":"Armature","id":0,"dimensionsAtRest":[18.2307,19.9032,0],"bones":[
{"name":"joint1","index":0,"matrix":[-0.4,0.0026,0,0,0.0026,0.4,0,0,0,0,0.4,0,0.0101,3.7656,0,1],"rest":[-0.4,0.0026,0,0,0.0026,0.4,0,0,0,0,0.4,0,0.0101,3.7656,0,1],"parentBoneIndex":-1,"length":2.7909
,"animation":{"dataType":3,"framePerSecond":30,"keys":[
{"frame":2,"values":[-0.4,0.0026,0,0,0.0026,0.4,0,0,0,0,0.4,0,0.0101,3.7656,0,1]},
{"frame":41,"values":[-0.4,0.0026,0,0,0.0026,0.4,0,0,0,0,0.4,0,0.0101,3.7656,0,1]}],"loopBehavior":1,"name":"anim","property":"_matrix"}},
{"name":"joint2","index":1,"matrix":[0.7703,0.1855,-0.6102,0,0.5282,0.3507,0.7733,0,0.3574,-0.9179,0.1722,0,2.6696,0,0,1],"rest":[1,-0.0065,0,0,0.0065,1,0,0,0,0,1,0,2.6684,0,0,1],"parentBoneIndex":0,"length":2.9125
,"animation":{"dataType":3,"framePerSecond":30,"keys":[
{"frame":2,"values":[0.7703,0.1855,-0.6102,0,0.5282,0.3507,0.7733,0,0.3574,-0.9179,0.1722,0,2.6696,0,0,1]},
{"frame":41,"values":[0.7703,0.1855,-0.6102,0,0.5282,0.3507,0.7733,0,0.3574,-0.9179,0.1722,0,2.6696,0,0,1]}],"loopBehavior":1,"name":"anim","property":"_matrix"}},
{"name":"joint3","index":2,"matrix":[-0.7082,-0.4667,-0.5298,0,0.5774,-0.8146,-0.0543,0,-0.4063,-0.3444,0.8464,0,0.8156,-3.8815,2.8242,1],"rest":[1,0.0098,0,0,-0.0098,1,0,0,0,0,1,0,2.9125,0,0,1],"parentBoneIndex":1,"length":3.558
,"animation":{"dataType":3,"framePerSecond":30,"keys":[
{"frame":2,"values":[-0.719,-0.4803,-0.5024,0,0.5618,-0.8271,-0.0133,0,-0.4092,-0.2919,0.8645,0,1.0146,-3.714,2.7774,1]},
{"frame":3,"values":[-0.7122,-0.472,-0.5196,0,0.5716,-0.8196,-0.039,0,-0.4075,-0.3248,0.8535,0,0.8902,-3.8187,2.8066,1]},
{"frame":4,"values":[-0.7055,-0.463,-0.5365,0,0.5813,-0.8111,-0.0644,0,-0.4054,-0.3573,0.8414,0,0.7658,-3.9234,2.8359,1]},
{"frame":5,"values":[-0.6989,-0.4534,-0.5532,0,0.591,-0.8017,-0.0895,0,-0.4029,-0.3894,0.8283,0,0.6414,-4.0281,2.8651,1]},
{"frame":6,"values":[-0.6923,-0.4432,-0.5694,0,0.6006,-0.7914,-0.1142,0,-0.4,-0.421,0.8141,0,0.5169,-4.1327,2.8944,1]},
{"frame":7,"values":[-0.6976,-0.4514,-0.5564,0,0.5929,-0.7997,-0.0945,0,-0.4023,-0.3958,0.8255,0,0.6165,-4.049,2.871,1]},
{"frame":8,"values":[-0.7028,-0.4592,-0.5432,0,0.5852,-0.8075,-0.0745,0,-0.4044,-0.3702,0.8363,0,0.716,-3.9652,2.8476,1]},
{"frame":9,"values":[-0.7082,-0.4667,-0.5298,0,0.5774,-0.8146,-0.0543,0,-0.4063,-0.3444,0.8464,0,0.8156,-3.8815,2.8242,1]},
{"frame":10,"values":[-0.7136,-0.4737,-0.5162,0,0.5696,-0.8212,-0.0339,0,-0.4079,-0.3182,0.8558,0,0.9151,-3.7978,2.8008,1]},
{"frame":11,"values":[-0.719,-0.4803,-0.5024,0,0.5618,-0.8271,-0.0133,0,-0.4092,-0.2919,0.8645,0,1.0146,-3.714,2.7774,1]},
{"frame":12,"values":[-0.7136,-0.4737,-0.5162,0,0.5696,-0.8212,-0.0339,0,-0.4079,-0.3182,0.8558,0,0.9151,-3.7978,2.8008,1]},
{"frame":13,"values":[-0.7082,-0.4667,-0.5298,0,0.5774,-0.8146,-0.0543,0,-0.4063,-0.3444,0.8464,0,0.8156,-3.8815,2.8242,1]},
{"frame":14,"values":[-0.7028,-0.4592,-0.5432,0,0.5852,-0.8075,-0.0745,0,-0.4044,-0.3702,0.8363,0,0.716,-3.9652,2.8476,1]},
{"frame":15,"values":[-0.6976,-0.4514,-0.5564,0,0.5929,-0.7997,-0.0945,0,-0.4023,-0.3958,0.8255,0,0.6165,-4.049,2.871,1]},
{"frame":16,"values":[-0.6923,-0.4432,-0.5694,0,0.6006,-0.7914,-0.1142,0,-0.4,-0.421,0.8141,0,0.5169,-4.1327,2.8944,1]},
{"frame":17,"values":[-0.6976,-0.4514,-0.5564,0,0.5929,-0.7997,-0.0945,0,-0.4023,-0.3958,0.8255,0,0.6165,-4.049,2.871,1]},
{"frame":18,"values":[-0.7028,-0.4592,-0.5432,0,0.5852,-0.8075,-0.0745,0,-0.4044,-0.3702,0.8363,0,0.716,-3.9652,2.8476,1]},
{"frame":19,"values":[-0.7082,-0.4667,-0.5298,0,0.5774,-0.8146,-0.0543,0,-0.4063,-0.3444,0.8464,0,0.8156,-3.8815,2.8242,1]},
{"frame":20,"values":[-0.7136,-0.4737,-0.5162,0,0.5696,-0.8212,-0.0339,0,-0.4079,-0.3182,0.8558,0,0.9151,-3.7978,2.8008,1]},
{"frame":21,"values":[-0.719,-0.4803,-0.5024,0,0.5618,-0.8271,-0.0133,0,-0.4092,-0.2919,0.8645,0,1.0146,-3.714,2.7774,1]},
{"frame":22,"values":[-0.7136,-0.4737,-0.5162,0,0.5696,-0.8212,-0.0339,0,-0.4079,-0.3182,0.8558,0,0.9151,-3.7978,2.8008,1]},
{"frame":23,"values":[-0.7082,-0.4667,-0.5298,0,0.5774,-0.8146,-0.0543,0,-0.4063,-0.3444,0.8464,0,0.8156,-3.8815,2.8242,1]},
{"frame":24,"values":[-0.7028,-0.4592,-0.5432,0,0.5852,-0.8075,-0.0745,0,-0.4044,-0.3702,0.8363,0,0.716,-3.9652,2.8476,1]},
{"frame":25,"values":[-0.6976,-0.4514,-0.5564,0,0.5929,-0.7997,-0.0945,0,-0.4023,-0.3958,0.8255,0,0.6165,-4.049,2.871,1]},
{"frame":26,"values":[-0.6923,-0.4432,-0.5694,0,0.6006,-0.7914,-0.1142,0,-0.4,-0.421,0.8141,0,0.5169,-4.1327,2.8944,1]},
{"frame":27,"values":[-0.6976,-0.4514,-0.5564,0,0.5929,-0.7997,-0.0945,0,-0.4023,-0.3958,0.8255,0,0.6165,-4.049,2.871,1]},
{"frame":28,"values":[-0.7028,-0.4592,-0.5432,0,0.5852,-0.8075,-0.0745,0,-0.4044,-0.3702,0.8363,0,0.716,-3.9652,2.8476,1]},
{"frame":29,"values":[-0.7082,-0.4667,-0.5298,0,0.5774,-0.8146,-0.0543,0,-0.4063,-0.3444,0.8464,0,0.8156,-3.8815,2.8242,1]},
{"frame":30,"values":[-0.7136,-0.4737,-0.5162,0,0.5696,-0.8212,-0.0339,0,-0.4079,-0.3182,0.8558,0,0.9151,-3.7978,2.8008,1]},
{"frame":31,"values":[-0.719,-0.4803,-0.5024,0,0.5618,-0.8271,-0.0133,0,-0.4092,-0.2919,0.8645,0,1.0146,-3.714,2.7774,1]},
{"frame":32,"values":[-0.7136,-0.4737,-0.5162,0,0.5696,-0.8212,-0.0339,0,-0.4079,-0.3182,0.8558,0,0.9151,-3.7978,2.8008,1]},
{"frame":33,"values":[-0.7082,-0.4667,-0.5298,0,0.5774,-0.8146,-0.0543,0,-0.4063,-0.3444,0.8464,0,0.8156,-3.8815,2.8242,1]},
{"frame":34,"values":[-0.7028,-0.4592,-0.5432,0,0.5852,-0.8075,-0.0745,0,-0.4044,-0.3702,0.8363,0,0.716,-3.9652,2.8476,1]},
{"frame":35,"values":[-0.6976,-0.4514,-0.5564,0,0.5929,-0.7997,-0.0945,0,-0.4023,-0.3958,0.8255,0,0.6165,-4.049,2.871,1]},
{"frame":36,"values":[-0.6923,-0.4432,-0.5694,0,0.6006,-0.7914,-0.1142,0,-0.4,-0.421,0.8141,0,0.5169,-4.1327,2.8944,1]},
{"frame":37,"values":[-0.6976,-0.4514,-0.5564,0,0.5929,-0.7997,-0.0945,0,-0.4023,-0.3958,0.8255,0,0.6165,-4.049,2.871,1]},
{"frame":38,"values":[-0.7028,-0.4592,-0.5432,0,0.5852,-0.8075,-0.0745,0,-0.4044,-0.3702,0.8363,0,0.716,-3.9652,2.8476,1]},
{"frame":39,"values":[-0.7082,-0.4667,-0.5298,0,0.5774,-0.8146,-0.0543,0,-0.4063,-0.3444,0.8464,0,0.8156,-3.8815,2.8242,1]},
{"frame":40,"values":[-0.7136,-0.4737,-0.5162,0,0.5696,-0.8212,-0.0339,0,-0.4079,-0.3182,0.8558,0,0.9151,-3.7978,2.8008,1]},
{"frame":41,"values":[-0.719,-0.4803,-0.5024,0,0.5618,-0.8271,-0.0133,0,-0.4092,-0.2919,0.8645,0,1.0146,-3.714,2.7774,1]}],"loopBehavior":1,"name":"anim","property":"_matrix"}},
{"name":"joint4","index":3,"matrix":[-1,0.0098,0,0,0.0098,1,0,0,0,0,-1,0,3.558,0,0,1],"rest":[-1,0.0098,0,0,0.0098,1,0,0,0,0,-1,0,3.558,0,0,1],"parentBoneIndex":2,"length":3.558
,"animation":{"dataType":3,"framePerSecond":30,"keys":[
{"frame":2,"values":[-1,0.0098,0,0,0.0098,1,0,0,0,0,-1,0,3.558,0,0,1]},
{"frame":41,"values":[-1,0.0098,0,0,0.0098,1,0,0,0,0,-1,0,3.558,0,0,1]}],"loopBehavior":1,"name":"anim","property":"_matrix"}},
{"name":"joint5","index":4,"matrix":[-0.9953,-0.0946,0.0211,0,-0.0255,0.4661,0.8844,0,-0.0935,0.8797,-0.4663,0,-2.6323,0.2,0,1],"rest":[-1,-0.0054,0,0,-0.0054,1,0,0,0,0,-1,0,-2.633,0.087,0,1],"parentBoneIndex":0,"length":2.9127
,"animation":{"dataType":3,"framePerSecond":30,"keys":[
{"frame":2,"values":[-0.9953,-0.0946,0.0211,0,-0.0255,0.4661,0.8844,0,-0.0935,0.8797,-0.4663,0,-2.6323,0.2,0,1]},
{"frame":41,"values":[-0.9953,-0.0946,0.0211,0,-0.0255,0.4661,0.8844,0,-0.0935,0.8797,-0.4663,0,-2.6323,0.2,0,1]}],"loopBehavior":1,"name":"anim","property":"_matrix"}},
{"name":"joint6","index":5,"matrix":[-0.8318,-0.4787,0.281,0,0.5399,-0.58,0.61,0,-0.129,0.6591,0.7409,0,-0.7932,-3.3405,-0.1172,1],"rest":[0.9996,0.0268,0,0,-0.0268,0.9996,0,0,0,0,1,0,2.9127,0,0,1],"parentBoneIndex":4,"length":3.5233
,"animation":{"dataType":3,"framePerSecond":30,"keys":[
{"frame":2,"values":[-0.8318,-0.4787,0.281,0,0.5399,-0.58,0.61,0,-0.129,0.6591,0.7409,0,-0.6879,-3.3374,-0.1067,1]},
{"frame":3,"values":[-0.8318,-0.4787,0.281,0,0.5399,-0.58,0.61,0,-0.129,0.6591,0.7409,0,-0.7537,-3.3393,-0.1132,1]},
{"frame":4,"values":[-0.8318,-0.4787,0.281,0,0.5399,-0.58,0.61,0,-0.129,0.6591,0.7409,0,-0.8195,-3.3412,-0.1198,1]},
{"frame":5,"values":[-0.8318,-0.4787,0.281,0,0.5399,-0.58,0.61,0,-0.129,0.6591,0.7409,0,-0.8853,-3.3431,-0.1263,1]},
{"frame":6,"values":[-0.8318,-0.4787,0.281,0,0.5399,-0.58,0.61,0,-0.129,0.6591,0.7409,0,-0.951,-3.345,-0.1329,1]},
{"frame":7,"values":[-0.8318,-0.4787,0.281,0,0.5399,-0.58,0.61,0,-0.129,0.6591,0.7409,0,-0.8984,-3.3435,-0.1277,1]},
{"frame":8,"values":[-0.8318,-0.4787,0.281,0,0.5399,-0.58,0.61,0,-0.129,0.6591,0.7409,0,-0.8458,-3.342,-0.1224,1]},
{"frame":9,"values":[-0.8318,-0.4787,0.281,0,0.5399,-0.58,0.61,0,-0.129,0.6591,0.7409,0,-0.7932,-3.3405,-0.1172,1]},
{"frame":10,"values":[-0.8318,-0.4787,0.281,0,0.5399,-0.58,0.61,0,-0.129,0.6591,0.7409,0,-0.7405,-3.3389,-0.1119,1]},
{"frame":11,"values":[-0.8318,-0.4787,0.281,0,0.5399,-0.58,0.61,0,-0.129,0.6591,0.7409,0,-0.6879,-3.3374,-0.1067,1]},
{"frame":12,"values":[-0.8318,-0.4787,0.281,0,0.5399,-0.58,0.61,0,-0.129,0.6591,0.7409,0,-0.7405,-3.3389,-0.1119,1]},
{"frame":13,"values":[-0.8318,-0.4787,0.281,0,0.5399,-0.58,0.61,0,-0.129,0.6591,0.7409,0,-0.7932,-3.3405,-0.1172,1]},
{"frame":14,"values":[-0.8318,-0.4787,0.281,0,0.5399,-0.58,0.61,0,-0.129,0.6591,0.7409,0,-0.8458,-3.342,-0.1224,1]},
{"frame":15,"values":[-0.8318,-0.4787,0.281,0,0.5399,-0.58,0.61,0,-0.129,0.6591,0.7409,0,-0.8984,-3.3435,-0.1277,1]},
{"frame":16,"values":[-0.8318,-0.4787,0.281,0,0.5399,-0.58,0.61,0,-0.129,0.6591,0.7409,0,-0.951,-3.345,-0.1329,1]},
{"frame":17,"values":[-0.8318,-0.4787,0.281,0,0.5399,-0.58,0.61,0,-0.129,0.6591,0.7409,0,-0.8984,-3.3435,-0.1277,1]},
{"frame":18,"values":[-0.8318,-0.4787,0.281,0,0.5399,-0.58,0.61,0,-0.129,0.6591,0.7409,0,-0.8458,-3.342,-0.1224,1]},
{"frame":19,"values":[-0.8318,-0.4787,0.281,0,0.5399,-0.58,0.61,0,-0.129,0.6591,0.7409,0,-0.7932,-3.3405,-0.1172,1]},
{"frame":20,"values":[-0.8318,-0.4787,0.281,0,0.5399,-0.58,0.61,0,-0.129,0.6591,0.7409,0,-0.7405,-3.3389,-0.1119,1]},
{"frame":21,"values":[-0.8318,-0.4787,0.281,0,0.5399,-0.58,0.61,0,-0.129,0.6591,0.7409,0,-0.6879,-3.3374,-0.1067,1]},
{"frame":22,"values":[-0.8318,-0.4787,0.281,0,0.5399,-0.58,0.61,0,-0.129,0.6591,0.7409,0,-0.7405,-3.3389,-0.1119,1]},
{"frame":23,"values":[-0.8318,-0.4787,0.281,0,0.5399,-0.58,0.61,0,-0.129,0.6591,0.7409,0,-0.7932,-3.3405,-0.1172,1]},
{"frame":24,"values":[-0.8318,-0.4787,0.281,0,0.5399,-0.58,0.61,0,-0.129,0.6591,0.7409,0,-0.8458,-3.342,-0.1224,1]},
{"frame":25,"values":[-0.8318,-0.4787,0.281,0,0.5399,-0.58,0.61,0,-0.129,0.6591,0.7409,0,-0.8984,-3.3435,-0.1277,1]},
{"frame":26,"values":[-0.8318,-0.4787,0.281,0,0.5399,-0.58,0.61,0,-0.129,0.6591,0.7409,0,-0.951,-3.345,-0.1329,1]},
{"frame":27,"values":[-0.8318,-0.4787,0.281,0,0.5399,-0.58,0.61,0,-0.129,0.6591,0.7409,0,-0.8984,-3.3435,-0.1277,1]},
{"frame":28,"values":[-0.8318,-0.4787,0.281,0,0.5399,-0.58,0.61,0,-0.129,0.6591,0.7409,0,-0.8458,-3.342,-0.1224,1]},
{"frame":29,"values":[-0.8318,-0.4787,0.281,0,0.5399,-0.58,0.61,0,-0.129,0.6591,0.7409,0,-0.7932,-3.3405,-0.1172,1]},
{"frame":30,"values":[-0.8318,-0.4787,0.281,0,0.5399,-0.58,0.61,0,-0.129,0.6591,0.7409,0,-0.7405,-3.3389,-0.1119,1]},
{"frame":31,"values":[-0.8318,-0.4787,0.281,0,0.5399,-0.58,0.61,0,-0.129,0.6591,0.7409,0,-0.6879,-3.3374,-0.1067,1]},
{"frame":32,"values":[-0.8318,-0.4787,0.281,0,0.5399,-0.58,0.61,0,-0.129,0.6591,0.7409,0,-0.7405,-3.3389,-0.1119,1]},
{"frame":33,"values":[-0.8318,-0.4787,0.281,0,0.5399,-0.58,0.61,0,-0.129,0.6591,0.7409,0,-0.7932,-3.3405,-0.1172,1]},
{"frame":34,"values":[-0.8318,-0.4787,0.281,0,0.5399,-0.58,0.61,0,-0.129,0.6591,0.7409,0,-0.8458,-3.342,-0.1224,1]},
{"frame":35,"values":[-0.8318,-0.4787,0.281,0,0.5399,-0.58,0.61,0,-0.129,0.6591,0.7409,0,-0.8984,-3.3435,-0.1277,1]},
{"frame":36,"values":[-0.8318,-0.4787,0.281,0,0.5399,-0.58,0.61,0,-0.129,0.6591,0.7409,0,-0.951,-3.345,-0.1329,1]},
{"frame":37,"values":[-0.8318,-0.4787,0.281,0,0.5399,-0.58,0.61,0,-0.129,0.6591,0.7409,0,-0.8984,-3.3435,-0.1277,1]},
{"frame":38,"values":[-0.8318,-0.4787,0.281,0,0.5399,-0.58,0.61,0,-0.129,0.6591,0.7409,0,-0.8458,-3.342,-0.1224,1]},
{"frame":39,"values":[-0.8318,-0.4787,0.281,0,0.5399,-0.58,0.61,0,-0.129,0.6591,0.7409,0,-0.7932,-3.3405,-0.1172,1]},
{"frame":40,"values":[-0.8318,-0.4787,0.281,0,0.5399,-0.58,0.61,0,-0.129,0.6591,0.7409,0,-0.7405,-3.3389,-0.1119,1]},
{"frame":41,"values":[-0.8318,-0.4787,0.281,0,0.5399,-0.58,0.61,0,-0.129,0.6591,0.7409,0,-0.6879,-3.3374,-0.1067,1]}],"loopBehavior":1,"name":"anim","property":"_matrix"}},
{"name":"joint7","index":6,"matrix":[-0.4193,0.9078,0,0,0.9078,0.4193,0,0,0,0,-1,0,3.0008,-0.6796,0.8346,1],"rest":[-0.9998,0.0214,0,0,0.0214,0.9998,0,0,0,0,-1,0,3.5233,0,0,1],"parentBoneIndex":5,"length":3.5233
,"animation":{"dataType":3,"framePerSecond":30,"keys":[
{"frame":2,"values":[-0.4193,0.9078,0,0,0.9078,0.4193,0,0,0,0,-1,0,3.0008,-0.6796,0.8346,1]},
{"frame":41,"values":[-0.4193,0.9078,0,0,0.9078,0.4193,0,0,0,0,-1,0,3.0008,-0.6796,0.8346,1]}],"loopBehavior":1,"name":"anim","property":"_matrix"}},
{"name":"joint8","index":7,"matrix":[-0.0069,1,0,0,1,0.0069,0.007,0,0.007,0,-1,0,0.0626,1.5693,0,1],"rest":[-0.0069,1,0,0,1,0.0069,0,0,0,0,-1,0,0.0626,1.5693,0,1],"parentBoneIndex":0,"length":3.907
,"animation":{"dataType":3,"framePerSecond":30,"keys":[
{"frame":2,"values":[-0.0069,1,0,0,1,0.0069,0,0,0,0,-1,0,0.0626,1.5693,0,1]},
{"frame":3,"values":[-0.0069,1,0,0,1,0.0069,-0.0044,0,-0.0044,0,-1,0,0.0626,1.5693,0,1]},
{"frame":4,"values":[-0.0069,1,0,0,0.9999,0.0069,-0.0087,0,-0.0087,-0.0001,-1,0,0.0626,1.5693,0,1]},
{"frame":5,"values":[-0.0069,1,0,0,0.9999,0.0069,-0.0131,0,-0.0131,-0.0001,-0.9999,0,0.0626,1.5693,0,1]},
{"frame":6,"values":[-0.0069,1,0,0,0.9998,0.0069,-0.0175,0,-0.0175,-0.0001,-0.9998,0,0.0626,1.5693,0,1]},
{"frame":7,"values":[-0.0069,1,0,0,0.9999,0.0069,-0.014,0,-0.014,-0.0001,-0.9999,0,0.0626,1.5693,0,1]},
{"frame":8,"values":[-0.0069,1,0,0,0.9999,0.0069,-0.0105,0,-0.0105,-0.0001,-0.9999,0,0.0626,1.5693,0,1]},
{"frame":9,"values":[-0.0069,1,0,0,1,0.0069,-0.007,0,-0.007,0,-1,0,0.0626,1.5693,0,1]},
{"frame":10,"values":[-0.0069,1,0,0,1,0.0069,-0.0035,0,-0.0035,0,-1,0,0.0626,1.5693,0,1]},
{"frame":11,"values":[-0.0069,1,0,0,1,0.0069,0,0,0,0,-1,0,0.0626,1.5693,0,1]},
{"frame":12,"values":[-0.0069,1,0,0,1,0.0069,0.0035,0,0.0035,0,-1,0,0.0626,1.5693,0,1]},
{"frame":13,"values":[-0.0069,1,0,0,1,0.0069,0.007,0,0.007,0,-1,0,0.0626,1.5693,0,1]},
{"frame":14,"values":[-0.0069,1,0,0,0.9999,0.0069,0.0105,0,0.0105,0.0001,-0.9999,0,0.0626,1.5693,0,1]},
{"frame":15,"values":[-0.0069,1,0,0,0.9999,0.0069,0.014,0,0.014,0.0001,-0.9999,0,0.0626,1.5693,0,1]},
{"frame":16,"values":[-0.0069,1,0,0,0.9998,0.0069,0.0175,0,0.0175,0.0001,-0.9998,0,0.0626,1.5693,0,1]},
{"frame":17,"values":[-0.0069,1,0,0,0.9999,0.0069,0.014,0,0.014,0.0001,-0.9999,0,0.0626,1.5693,0,1]},
{"frame":18,"values":[-0.0069,1,0,0,0.9999,0.0069,0.0105,0,0.0105,0.0001,-0.9999,0,0.0626,1.5693,0,1]},
{"frame":19,"values":[-0.0069,1,0,0,1,0.0069,0.007,0,0.007,0,-1,0,0.0626,1.5693,0,1]},
{"frame":20,"values":[-0.0069,1,0,0,1,0.0069,0.0035,0,0.0035,0,-1,0,0.0626,1.5693,0,1]},
{"frame":21,"values":[-0.0069,1,0,0,1,0.0069,0,0,0,0,-1,0,0.0626,1.5693,0,1]},
{"frame":22,"values":[-0.0069,1,0,0,1,0.0069,-0.0035,0,-0.0035,0,-1,0,0.0626,1.5693,0,1]},
{"frame":23,"values":[-0.0069,1,0,0,1,0.0069,-0.007,0,-0.007,0,-1,0,0.0626,1.5693,0,1]},
{"frame":24,"values":[-0.0069,1,0,0,0.9999,0.0069,-0.0105,0,-0.0105,-0.0001,-0.9999,0,0.0626,1.5693,0,1]},
{"frame":25,"values":[-0.0069,1,0,0,0.9999,0.0069,-0.014,0,-0.014,-0.0001,-0.9999,0,0.0626,1.5693,0,1]},
{"frame":26,"values":[-0.0069,1,0,0,0.9998,0.0069,-0.0175,0,-0.0175,-0.0001,-0.9998,0,0.0626,1.5693,0,1]},
{"frame":27,"values":[-0.0069,1,0,0,0.9999,0.0069,-0.014,0,-0.014,-0.0001,-0.9999,0,0.0626,1.5693,0,1]},
{"frame":28,"values":[-0.0069,1,0,0,0.9999,0.0069,-0.0105,0,-0.0105,-0.0001,-0.9999,0,0.0626,1.5693,0,1]},
{"frame":29,"values":[-0.0069,1,0,0,1,0.0069,-0.007,0,-0.007,0,-1,0,0.0626,1.5693,0,1]},
{"frame":30,"values":[-0.0069,1,0,0,1,0.0069,-0.0035,0,-0.0035,0,-1,0,0.0626,1.5693,0,1]},
{"frame":31,"values":[-0.0069,1,0,0,1,0.0069,0,0,0,0,-1,0,0.0626,1.5693,0,1]},
{"frame":32,"values":[-0.0069,1,0,0,1,0.0069,0.0035,0,0.0035,0,-1,0,0.0626,1.5693,0,1]},
{"frame":33,"values":[-0.0069,1,0,0,1,0.0069,0.007,0,0.007,0,-1,0,0.0626,1.5693,0,1]},
{"frame":34,"values":[-0.0069,1,0,0,0.9999,0.0069,0.0105,0,0.0105,0.0001,-0.9999,0,0.0626,1.5693,0,1]},
{"frame":35,"values":[-0.0069,1,0,0,0.9999,0.0069,0.014,0,0.014,0.0001,-0.9999,0,0.0626,1.5693,0,1]},
{"frame":36,"values":[-0.0069,1,0,0,0.9998,0.0069,0.0175,0,0.0175,0.0001,-0.9998,0,0.0626,1.5693,0,1]},
{"frame":37,"values":[-0.0069,1,0,0,0.9999,0.0069,0.014,0,0.014,0.0001,-0.9999,0,0.0626,1.5693,0,1]},
{"frame":38,"values":[-0.0069,1,0,0,0.9999,0.0069,0.0105,0,0.0105,0.0001,-0.9999,0,0.0626,1.5693,0,1]},
{"frame":39,"values":[-0.0069,1,0,0,1,0.0069,0.007,0,0.007,0,-1,0,0.0626,1.5693,0,1]},
{"frame":40,"values":[-0.0069,1,0,0,1,0.0069,0.0035,0,0.0035,0,-1,0,0.0626,1.5693,0,1]},
{"frame":41,"values":[-0.0069,1,0,0,1,0.0069,0,0,0,0,-1,0,0.0626,1.5693,0,1]}],"loopBehavior":1,"name":"anim","property":"_matrix"}},
{"name":"joint9","index":8,"matrix":[-0.0069,1,0,0,1,0.0069,0,0,0,0,-1,0,3.907,0,0,1],"rest":[-0.0069,1,0,0,1,0.0069,0,0,0,0,-1,0,3.907,0,0,1],"parentBoneIndex":7,"length":3.907
,"animation":{"dataType":3,"framePerSecond":30,"keys":[
{"frame":2,"values":[-0.0069,1,0,0,1,0.0069,0,0,0,0,-1,0,3.907,0,0,1]},
{"frame":41,"values":[-0.0069,1,0,0,1,0.0069,0,0,0,0,-1,0,3.907,0,0,1]}],"loopBehavior":1,"name":"anim","property":"_matrix"}},
{"name":"joint10","index":9,"matrix":[0.8941,-0.4479,0,0,0.4479,0.8941,0,0,0,0,1,0,-0.0106,-4.2903,0,1],"rest":[0.8941,-0.4479,0,0,0.4479,0.8941,0,0,0,0,1,0,-0.0106,-4.2903,0,1],"parentBoneIndex":0,"length":2.1208
,"animation":{"dataType":3,"framePerSecond":30,"keys":[
{"frame":2,"values":[0.8941,-0.4479,0,0,0.4479,0.8941,0,0,0,0,1,0,-0.0106,-4.2903,0,1]},
{"frame":41,"values":[0.8941,-0.4479,0,0,0.4479,0.8941,0,0,0,0,1,0,-0.0106,-4.2903,0,1]}],"loopBehavior":1,"name":"anim","property":"_matrix"}},
{"name":"joint11","index":10,"matrix":[0.5074,-0.7522,-0.4205,0,0.8203,0.571,-0.0317,0,0.2639,-0.3289,0.9067,0,2.1085,0,0,1],"rest":[0.5592,-0.829,0,0,0.829,0.5592,0,0,0,0,1,0,2.1085,0,0,1],"parentBoneIndex":9,"length":0.781
,"animation":{"dataType":3,"framePerSecond":30,"keys":[
{"frame":2,"values":[0.5074,-0.7522,-0.4205,0,0.829,0.5592,0,0,0.2351,-0.3486,0.9073,0,2.1085,0,0,1]},
{"frame":3,"values":[0.5074,-0.7522,-0.4205,0,0.8237,0.5667,-0.0198,0,0.2532,-0.3363,0.9071,0,2.1085,0,0,1]},
{"frame":4,"values":[0.5074,-0.7522,-0.4205,0,0.818,0.5739,-0.0396,0,0.2711,-0.3239,0.9064,0,2.1085,0,0,1]},
{"frame":5,"values":[0.5074,-0.7522,-0.4205,0,0.8119,0.5808,-0.0593,0,0.2889,-0.3113,0.9053,0,2.1085,0,0,1]},
{"frame":6,"values":[0.5074,-0.7522,-0.4205,0,0.8054,0.5875,-0.0791,0,0.3065,-0.2986,0.9038,0,2.1085,0,0,1]},
{"frame":7,"values":[0.5074,-0.7522,-0.4205,0,0.8106,0.5822,-0.0633,0,0.2924,-0.3088,0.9051,0,2.1085,0,0,1]},
{"frame":8,"values":[0.5074,-0.7522,-0.4205,0,0.8156,0.5767,-0.0475,0,0.2782,-0.3189,0.906,0,2.1085,0,0,1]},
{"frame":9,"values":[0.5074,-0.7522,-0.4205,0,0.8203,0.571,-0.0317,0,0.2639,-0.3289,0.9067,0,2.1085,0,0,1]},
{"frame":10,"values":[0.5074,-0.7522,-0.4205,0,0.8248,0.5652,-0.0158,0,0.2496,-0.3388,0.9072,0,2.1085,0,0,1]},
{"frame":11,"values":[0.5074,-0.7522,-0.4205,0,0.829,0.5592,0,0,0.2351,-0.3486,0.9073,0,2.1085,0,0,1]},
{"frame":12,"values":[0.5074,-0.7522,-0.4205,0,0.8248,0.5652,-0.0158,0,0.2496,-0.3388,0.9072,0,2.1085,0,0,1]},
{"frame":13,"values":[0.5074,-0.7522,-0.4205,0,0.8203,0.571,-0.0317,0,0.2639,-0.3289,0.9067,0,2.1085,0,0,1]},
{"frame":14,"values":[0.5074,-0.7522,-0.4205,0,0.8156,0.5767,-0.0475,0,0.2782,-0.3189,0.906,0,2.1085,0,0,1]},
{"frame":15,"values":[0.5074,-0.7522,-0.4205,0,0.8106,0.5822,-0.0633,0,0.2924,-0.3088,0.9051,0,2.1085,0,0,1]},
{"frame":16,"values":[0.5074,-0.7522,-0.4205,0,0.8054,0.5875,-0.0791,0,0.3065,-0.2986,0.9038,0,2.1085,0,0,1]},
{"frame":17,"values":[0.5074,-0.7522,-0.4205,0,0.8106,0.5822,-0.0633,0,0.2924,-0.3088,0.9051,0,2.1085,0,0,1]},
{"frame":18,"values":[0.5074,-0.7522,-0.4205,0,0.8156,0.5767,-0.0475,0,0.2782,-0.3189,0.906,0,2.1085,0,0,1]},
{"frame":19,"values":[0.5074,-0.7522,-0.4205,0,0.8203,0.571,-0.0317,0,0.2639,-0.3289,0.9067,0,2.1085,0,0,1]},
{"frame":20,"values":[0.5074,-0.7522,-0.4205,0,0.8248,0.5652,-0.0158,0,0.2496,-0.3388,0.9072,0,2.1085,0,0,1]},
{"frame":21,"values":[0.5074,-0.7522,-0.4205,0,0.829,0.5592,0,0,0.2351,-0.3486,0.9073,0,2.1085,0,0,1]},
{"frame":22,"values":[0.5074,-0.7522,-0.4205,0,0.8248,0.5652,-0.0158,0,0.2496,-0.3388,0.9072,0,2.1085,0,0,1]},
{"frame":23,"values":[0.5074,-0.7522,-0.4205,0,0.8203,0.571,-0.0317,0,0.2639,-0.3289,0.9067,0,2.1085,0,0,1]},
{"frame":24,"values":[0.5074,-0.7522,-0.4205,0,0.8156,0.5767,-0.0475,0,0.2782,-0.3189,0.906,0,2.1085,0,0,1]},
{"frame":25,"values":[0.5074,-0.7522,-0.4205,0,0.8106,0.5822,-0.0633,0,0.2924,-0.3088,0.9051,0,2.1085,0,0,1]},
{"frame":26,"values":[0.5074,-0.7522,-0.4205,0,0.8054,0.5875,-0.0791,0,0.3065,-0.2986,0.9038,0,2.1085,0,0,1]},
{"frame":27,"values":[0.5074,-0.7522,-0.4205,0,0.8106,0.5822,-0.0633,0,0.2924,-0.3088,0.9051,0,2.1085,0,0,1]},
{"frame":28,"values":[0.5074,-0.7522,-0.4205,0,0.8156,0.5767,-0.0475,0,0.2782,-0.3189,0.906,0,2.1085,0,0,1]},
{"frame":29,"values":[0.5074,-0.7522,-0.4205,0,0.8203,0.571,-0.0317,0,0.2639,-0.3289,0.9067,0,2.1085,0,0,1]},
{"frame":30,"values":[0.5074,-0.7522,-0.4205,0,0.8248,0.5652,-0.0158,0,0.2496,-0.3388,0.9072,0,2.1085,0,0,1]},
{"frame":31,"values":[0.5074,-0.7522,-0.4205,0,0.829,0.5592,0,0,0.2351,-0.3486,0.9073,0,2.1085,0,0,1]},
{"frame":32,"values":[0.5074,-0.7522,-0.4205,0,0.8248,0.5652,-0.0158,0,0.2496,-0.3388,0.9072,0,2.1085,0,0,1]},
{"frame":33,"values":[0.5074,-0.7522,-0.4205,0,0.8203,0.571,-0.0317,0,0.2639,-0.3289,0.9067,0,2.1085,0,0,1]},
{"frame":34,"values":[0.5074,-0.7522,-0.4205,0,0.8156,0.5767,-0.0475,0,0.2782,-0.3189,0.906,0,2.1085,0,0,1]},
{"frame":35,"values":[0.5074,-0.7522,-0.4205,0,0.8106,0.5822,-0.0633,0,0.2924,-0.3088,0.9051,0,2.1085,0,0,1]},
{"frame":36,"values":[0.5074,-0.7522,-0.4205,0,0.8054,0.5875,-0.0791,0,0.3065,-0.2986,0.9038,0,2.1085,0,0,1]},
{"frame":37,"values":[0.5074,-0.7522,-0.4205,0,0.8106,0.5822,-0.0633,0,0.2924,-0.3088,0.9051,0,2.1085,0,0,1]},
{"frame":38,"values":[0.5074,-0.7522,-0.4205,0,0.8156,0.5767,-0.0475,0,0.2782,-0.3189,0.906,0,2.1085,0,0,1]},
{"frame":39,"values":[0.5074,-0.7522,-0.4205,0,0.8203,0.571,-0.0317,0,0.2639,-0.3289,0.9067,0,2.1085,0,0,1]},
{"frame":40,"values":[0.5074,-0.7522,-0.4205,0,0.8248,0.5652,-0.0158,0,0.2496,-0.3388,0.9072,0,2.1085,0,0,1]},
{"frame":41,"values":[0.5074,-0.7522,-0.4205,0,0.829,0.5592,0,0,0.2351,-0.3486,0.9073,0,2.1085,0,0,1]}],"loopBehavior":1,"name":"anim","property":"_matrix"}},
{"name":"joint12","index":11,"matrix":[0.6981,-0.1058,-0.7082,0,-0.1498,-0.9887,0,0,-0.7002,0.1061,-0.706,0,0.6564,0,0.2689,1],"rest":[0.9887,-0.1498,0,0,-0.1498,-0.9887,0,0,0,0,-1,0,0.781,0,0,1],"parentBoneIndex":10,"length":2.1785
,"animation":{"dataType":3,"framePerSecond":30,"keys":[
{"frame":2,"values":[0.6981,-0.1058,-0.7082,0,-0.1498,-0.9887,0,0,-0.7002,0.1061,-0.706,0,0.6564,0,0.2689,1]},
{"frame":41,"values":[0.6981,-0.1058,-0.7082,0,-0.1498,-0.9887,0,0,-0.7002,0.1061,-0.706,0,0.6564,0,0.2689,1]}],"loopBehavior":1,"name":"anim","property":"_matrix"}},
{"name":"joint13","index":12,"matrix":[0.08,-0.002,-0.9968,0,-0.0251,-0.9997,0,0,-0.9963,0.025,-0.08,0,1.8001,0.04,0,1],"rest":[0.9997,-0.0251,0,0,-0.0251,-0.9997,0,0,0,0,-1,0,2.1785,0,0,1],"parentBoneIndex":11,"length":2.3408
,"animation":{"dataType":3,"framePerSecond":30,"keys":[
{"frame":2,"values":[0.08,-0.002,-0.9968,0,-0.0251,-0.9997,0,0,-0.9963,0.025,-0.08,0,1.8001,0,0,1]},
{"frame":3,"values":[0.08,-0.002,-0.9968,0,-0.0251,-0.9997,0,0,-0.9963,0.025,-0.08,0,1.8008,0.025,0.0002,1]},
{"frame":4,"values":[0.08,-0.002,-0.9968,0,-0.0251,-0.9997,0,0,-0.9963,0.025,-0.08,0,1.8015,0.05,0.0005,1]},
{"frame":5,"values":[0.08,-0.002,-0.9968,0,-0.0251,-0.9997,0,0,-0.9963,0.025,-0.08,0,1.8022,0.075,0.0007,1]},
{"frame":6,"values":[0.08,-0.002,-0.9968,0,-0.0251,-0.9997,0,0,-0.9963,0.025,-0.08,0,1.8029,0.1,0.001,1]},
{"frame":7,"values":[0.08,-0.002,-0.9968,0,-0.0251,-0.9997,0,0,-0.9963,0.025,-0.08,0,1.8023,0.08,0.0003,1]},
{"frame":8,"values":[0.08,-0.002,-0.9968,0,-0.0251,-0.9997,0,0,-0.9963,0.025,-0.08,0,1.8018,0.06,-0.0004,1]},
{"frame":9,"values":[0.08,-0.002,-0.9968,0,-0.0251,-0.9997,0,0,-0.9963,0.025,-0.08,0,1.8012,0.04,-0.0012,1]},
{"frame":10,"values":[0.08,-0.002,-0.9968,0,-0.0251,-0.9997,0,0,-0.9963,0.025,-0.08,0,1.8006,0.02,-0.0019,1]},
{"frame":11,"values":[0.08,-0.002,-0.9968,0,-0.0251,-0.9997,0,0,-0.9963,0.025,-0.08,0,1.8001,0,-0.0026,1]},
{"frame":12,"values":[0.08,-0.002,-0.9968,0,-0.0251,-0.9997,0,0,-0.9963,0.025,-0.08,0,1.8001,0.02,-0.0021,1]},
{"frame":13,"values":[0.08,-0.002,-0.9968,0,-0.0251,-0.9997,0,0,-0.9963,0.025,-0.08,0,1.8001,0.04,-0.0016,1]},
{"frame":14,"values":[0.08,-0.002,-0.9968,0,-0.0251,-0.9997,0,0,-0.9963,0.025,-0.08,0,1.8001,0.06,-0.001,1]},
{"frame":15,"values":[0.08,-0.002,-0.9968,0,-0.0251,-0.9997,0,0,-0.9963,0.025,-0.08,0,1.8001,0.08,-0.0005,1]},
{"frame":16,"values":[0.08,-0.002,-0.9968,0,-0.0251,-0.9997,0,0,-0.9963,0.025,-0.08,0,1.8001,0.1,0,1]},
{"frame":17,"values":[0.08,-0.002,-0.9968,0,-0.0251,-0.9997,0,0,-0.9963,0.025,-0.08,0,1.8001,0.08,0,1]},
{"frame":18,"values":[0.08,-0.002,-0.9968,0,-0.0251,-0.9997,0,0,-0.9963,0.025,-0.08,0,1.8001,0.06,0,1]},
{"frame":19,"values":[0.08,-0.002,-0.9968,0,-0.0251,-0.9997,0,0,-0.9963,0.025,-0.08,0,1.8001,0.04,0,1]},
{"frame":20,"values":[0.08,-0.002,-0.9968,0,-0.0251,-0.9997,0,0,-0.9963,0.025,-0.08,0,1.8001,0.02,0,1]},
{"frame":21,"values":[0.08,-0.002,-0.9968,0,-0.0251,-0.9997,0,0,-0.9963,0.025,-0.08,0,1.8001,0,0,1]},
{"frame":22,"values":[0.08,-0.002,-0.9968,0,-0.0251,-0.9997,0,0,-0.9963,0.025,-0.08,0,1.8001,0.02,0,1]},
{"frame":23,"values":[0.08,-0.002,-0.9968,0,-0.0251,-0.9997,0,0,-0.9963,0.025,-0.08,0,1.8001,0.04,0,1]},
{"frame":24,"values":[0.08,-0.002,-0.9968,0,-0.0251,-0.9997,0,0,-0.9963,0.025,-0.08,0,1.8001,0.06,0,1]},
{"frame":25,"values":[0.08,-0.002,-0.9968,0,-0.0251,-0.9997,0,0,-0.9963,0.025,-0.08,0,1.8001,0.08,0,1]},
{"frame":26,"values":[0.08,-0.002,-0.9968,0,-0.0251,-0.9997,0,0,-0.9963,0.025,-0.08,0,1.8001,0.1,0,1]},
{"frame":27,"values":[0.08,-0.002,-0.9968,0,-0.0251,-0.9997,0,0,-0.9963,0.025,-0.08,0,1.8001,0.08,0,1]},
{"frame":28,"values":[0.08,-0.002,-0.9968,0,-0.0251,-0.9997,0,0,-0.9963,0.025,-0.08,0,1.8001,0.06,0,1]},
{"frame":29,"values":[0.08,-0.002,-0.9968,0,-0.0251,-0.9997,0,0,-0.9963,0.025,-0.08,0,1.8001,0.04,0,1]},
{"frame":30,"values":[0.08,-0.002,-0.9968,0,-0.0251,-0.9997,0,0,-0.9963,0.025,-0.08,0,1.8001,0.02,0,1]},
{"frame":31,"values":[0.08,-0.002,-0.9968,0,-0.0251,-0.9997,0,0,-0.9963,0.025,-0.08,0,1.8001,0,0,1]},
{"frame":32,"values":[0.08,-0.002,-0.9968,0,-0.0251,-0.9997,0,0,-0.9963,0.025,-0.08,0,1.8001,0.02,0,1]},
{"frame":33,"values":[0.08,-0.002,-0.9968,0,-0.0251,-0.9997,0,0,-0.9963,0.025,-0.08,0,1.8001,0.04,0,1]},
{"frame":34,"values":[0.08,-0.002,-0.9968,0,-0.0251,-0.9997,0,0,-0.9963,0.025,-0.08,0,1.8001,0.06,0,1]},
{"frame":35,"values":[0.08,-0.002,-0.9968,0,-0.0251,-0.9997,0,0,-0.9963,0.025,-0.08,0,1.8001,0.08,0,1]},
{"frame":36,"values":[0.08,-0.002,-0.9968,0,-0.0251,-0.9997,0,0,-0.9963,0.025,-0.08,0,1.8001,0.1,0,1]},
{"frame":37,"values":[0.08,-0.002,-0.9968,0,-0.0251,-0.9997,0,0,-0.9963,0.025,-0.08,0,1.8001,0.08,0,1]},
{"frame":38,"values":[0.08,-0.002,-0.9968,0,-0.0251,-0.9997,0,0,-0.9963,0.025,-0.08,0,1.8001,0.06,0,1]},
{"frame":39,"values":[0.08,-0.002,-0.9968,0,-0.0251,-0.9997,0,0,-0.9963,0.025,-0.08,0,1.8001,0.04,0,1]},
{"frame":40,"values":[0.08,-0.002,-0.9968,0,-0.0251,-0.9997,0,0,-0.9963,0.025,-0.08,0,1.8001,0.02,0,1]},
{"frame":41,"values":[0.08,-0.002,-0.9968,0,-0.0251,-0.9997,0,0,-0.9963,0.025,-0.08,0,1.8001,0,0,1]}],"loopBehavior":1,"name":"anim","property":"_matrix"}},
{"name":"joint14","index":13,"matrix":[0.0037,1,0,0,-1,0.0037,0,0,0,0,1,0,2.3413,0,0,1],"rest":[0.0037,1,0,0,-1,0.0037,0,0,0,0,1,0,2.3408,0,0,1],"parentBoneIndex":12,"length":2.3413
,"animation":{"dataType":3,"framePerSecond":30,"keys":[
{"frame":2,"values":[0.0037,1,0,0,-1,0.0037,0,0,0,0,1,0,2.3413,0,0,1]},
{"frame":41,"values":[0.0037,1,0,0,-1,0.0037,0,0,0,0,1,0,2.3413,0,0,1]}],"loopBehavior":1,"name":"anim","property":"_matrix"}},
{"name":"joint15","index":14,"matrix":[0.3093,-0.8493,-0.4278,0,-0.9442,-0.3279,-0.0315,0,-0.1135,0.4137,-0.9033,0,-1.2978,-1.693,0,1],"rest":[0.3422,-0.9396,0,0,-0.9396,-0.3422,0,0,0,0,-1,0,-1.2978,-1.693,0,1],"parentBoneIndex":9,"length":0.7237
,"animation":{"dataType":3,"framePerSecond":30,"keys":[
{"frame":2,"values":[0.3093,-0.8493,-0.4278,0,-0.9396,-0.3422,0,0,-0.1464,0.402,-0.9039,0,-1.2978,-1.693,0,1]},
{"frame":3,"values":[0.3093,-0.8493,-0.4278,0,-0.9426,-0.3333,-0.0197,0,-0.1258,0.4093,-0.9037,0,-1.2978,-1.693,0,1]},
{"frame":4,"values":[0.3093,-0.8493,-0.4278,0,-0.9451,-0.3243,-0.0394,0,-0.1053,0.4165,-0.903,0,-1.2978,-1.693,0,1]},
{"frame":5,"values":[0.3093,-0.8493,-0.4278,0,-0.9472,-0.3151,-0.0591,0,-0.0846,0.4235,-0.9019,0,-1.2978,-1.693,0,1]},
{"frame":6,"values":[0.3093,-0.8493,-0.4278,0,-0.9488,-0.3058,-0.0788,0,-0.0639,0.4303,-0.9004,0,-1.2978,-1.693,0,1]},
{"frame":7,"values":[0.3093,-0.8493,-0.4278,0,-0.9476,-0.3133,-0.0631,0,-0.0805,0.4249,-0.9017,0,-1.2978,-1.693,0,1]},
{"frame":8,"values":[0.3093,-0.8493,-0.4278,0,-0.946,-0.3207,-0.0473,0,-0.097,0.4193,-0.9026,0,-1.2978,-1.693,0,1]},
{"frame":9,"values":[0.3093,-0.8493,-0.4278,0,-0.9442,-0.3279,-0.0315,0,-0.1135,0.4137,-0.9033,0,-1.2978,-1.693,0,1]},
{"frame":10,"values":[0.3093,-0.8493,-0.4278,0,-0.942,-0.3351,-0.0158,0,-0.13,0.4079,-0.9037,0,-1.2978,-1.693,0,1]},
{"frame":11,"values":[0.3093,-0.8493,-0.4278,0,-0.9396,-0.3422,0,0,-0.1464,0.402,-0.9039,0,-1.2978,-1.693,0,1]},
{"frame":12,"values":[0.3093,-0.8493,-0.4278,0,-0.9426,-0.3333,-0.0197,0,-0.1258,0.4093,-0.9037,0,-1.2978,-1.693,0,1]},
{"frame":13,"values":[0.3093,-0.8493,-0.4278,0,-0.9451,-0.3243,-0.0394,0,-0.1053,0.4165,-0.903,0,-1.2978,-1.693,0,1]},
{"frame":14,"values":[0.3093,-0.8493,-0.4278,0,-0.9472,-0.3151,-0.0591,0,-0.0846,0.4235,-0.9019,0,-1.2978,-1.693,0,1]},
{"frame":15,"values":[0.3093,-0.8493,-0.4278,0,-0.9488,-0.3058,-0.0788,0,-0.0639,0.4303,-0.9004,0,-1.2978,-1.693,0,1]},
{"frame":16,"values":[0.3093,-0.8493,-0.4278,0,-0.9478,-0.3121,-0.0657,0,-0.0777,0.4258,-0.9015,0,-1.2978,-1.693,0,1]},
{"frame":17,"values":[0.3093,-0.8493,-0.4278,0,-0.9466,-0.3182,-0.0526,0,-0.0915,0.4212,-0.9023,0,-1.2978,-1.693,0,1]},
{"frame":18,"values":[0.3093,-0.8493,-0.4278,0,-0.9451,-0.3243,-0.0394,0,-0.1053,0.4165,-0.903,0,-1.2978,-1.693,0,1]},
{"frame":19,"values":[0.3093,-0.8493,-0.4278,0,-0.9435,-0.3303,-0.0263,0,-0.119,0.4117,-0.9035,0,-1.2978,-1.693,0,1]},
{"frame":20,"values":[0.3093,-0.8493,-0.4278,0,-0.9417,-0.3363,-0.0131,0,-0.1327,0.4069,-0.9038,0,-1.2978,-1.693,0,1]},
{"frame":21,"values":[0.3093,-0.8493,-0.4278,0,-0.9396,-0.3422,0,0,-0.1464,0.402,-0.9039,0,-1.2978,-1.693,0,1]},
{"frame":22,"values":[0.3093,-0.8493,-0.4278,0,-0.942,-0.3351,-0.0158,0,-0.13,0.4079,-0.9037,0,-1.2978,-1.693,0,1]},
{"frame":23,"values":[0.3093,-0.8493,-0.4278,0,-0.9442,-0.3279,-0.0315,0,-0.1135,0.4137,-0.9033,0,-1.2978,-1.693,0,1]},
{"frame":24,"values":[0.3093,-0.8493,-0.4278,0,-0.946,-0.3207,-0.0473,0,-0.097,0.4193,-0.9026,0,-1.2978,-1.693,0,1]},
{"frame":25,"values":[0.3093,-0.8493,-0.4278,0,-0.9476,-0.3133,-0.0631,0,-0.0805,0.4249,-0.9017,0,-1.2978,-1.693,0,1]},
{"frame":26,"values":[0.3093,-0.8493,-0.4278,0,-0.9488,-0.3058,-0.0788,0,-0.0639,0.4303,-0.9004,0,-1.2978,-1.693,0,1]},
{"frame":27,"values":[0.3093,-0.8493,-0.4278,0,-0.9476,-0.3133,-0.0631,0,-0.0805,0.4249,-0.9017,0,-1.2978,-1.693,0,1]},
{"frame":28,"values":[0.3093,-0.8493,-0.4278,0,-0.946,-0.3207,-0.0473,0,-0.097,0.4193,-0.9026,0,-1.2978,-1.693,0,1]},
{"frame":29,"values":[0.3093,-0.8493,-0.4278,0,-0.9442,-0.3279,-0.0315,0,-0.1135,0.4137,-0.9033,0,-1.2978,-1.693,0,1]},
{"frame":30,"values":[0.3093,-0.8493,-0.4278,0,-0.942,-0.3351,-0.0158,0,-0.13,0.4079,-0.9037,0,-1.2978,-1.693,0,1]},
{"frame":31,"values":[0.3093,-0.8493,-0.4278,0,-0.9396,-0.3422,0,0,-0.1464,0.402,-0.9039,0,-1.2978,-1.693,0,1]},
{"frame":32,"values":[0.3093,-0.8493,-0.4278,0,-0.942,-0.3351,-0.0158,0,-0.13,0.4079,-0.9037,0,-1.2978,-1.693,0,1]},
{"frame":33,"values":[0.3093,-0.8493,-0.4278,0,-0.9442,-0.3279,-0.0315,0,-0.1135,0.4137,-0.9033,0,-1.2978,-1.693,0,1]},
{"frame":34,"values":[0.3093,-0.8493,-0.4278,0,-0.946,-0.3207,-0.0473,0,-0.097,0.4193,-0.9026,0,-1.2978,-1.693,0,1]},
{"frame":35,"values":[0.3093,-0.8493,-0.4278,0,-0.9476,-0.3133,-0.0631,0,-0.0805,0.4249,-0.9017,0,-1.2978,-1.693,0,1]},
{"frame":36,"values":[0.3093,-0.8493,-0.4278,0,-0.9488,-0.3058,-0.0788,0,-0.0639,0.4303,-0.9004,0,-1.2978,-1.693,0,1]},
{"frame":37,"values":[0.3093,-0.8493,-0.4278,0,-0.9476,-0.3133,-0.0631,0,-0.0805,0.4249,-0.9017,0,-1.2978,-1.693,0,1]},
{"frame":38,"values":[0.3093,-0.8493,-0.4278,0,-0.946,-0.3207,-0.0473,0,-0.097,0.4193,-0.9026,0,-1.2978,-1.693,0,1]},
{"frame":39,"values":[0.3093,-0.8493,-0.4278,0,-0.9442,-0.3279,-0.0315,0,-0.1135,0.4137,-0.9033,0,-1.2978,-1.693,0,1]},
{"frame":40,"values":[0.3093,-0.8493,-0.4278,0,-0.942,-0.3351,-0.0158,0,-0.13,0.4079,-0.9037,0,-1.2978,-1.693,0,1]},
{"frame":41,"values":[0.3093,-0.8493,-0.4278,0,-0.9396,-0.3422,0,0,-0.1464,0.402,-0.9039,0,-1.2978,-1.693,0,1]}],"loopBehavior":1,"name":"anim","property":"_matrix"}},
{"name":"joint16","index":15,"matrix":[0.7035,-0.0599,0.7082,0,0.0849,0.9964,0,0,-0.7056,0.0601,0.706,0,0.597,0,-0.2678,1],"rest":[0.9964,-0.0849,0,0,0.0849,0.9964,0,0,0,0,1,0,0.7237,0,0,1],"parentBoneIndex":14,"length":2.2113
,"animation":{"dataType":3,"framePerSecond":30,"keys":[
{"frame":2,"values":[0.7035,-0.0599,0.7082,0,0.0849,0.9964,0,0,-0.7056,0.0601,0.706,0,0.597,0,-0.2678,1]},
{"frame":41,"values":[0.7035,-0.0599,0.7082,0,0.0849,0.9964,0,0,-0.7056,0.0601,0.706,0,0.597,0,-0.2678,1]}],"loopBehavior":1,"name":"anim","property":"_matrix"}},
{"name":"joint17","index":16,"matrix":[0.0588,-0.003,-0.9983,0,-0.0514,-0.9987,0,0,-0.9969,0.0513,-0.0588,0,1.8187,-0.04,0,1],"rest":[0.9987,-0.0514,0,0,-0.0514,-0.9987,0,0,0,0,-1,0,2.2113,0,0,1],"parentBoneIndex":15,"length":2.3555
,"animation":{"dataType":3,"framePerSecond":30,"keys":[
{"frame":2,"values":[0.0588,-0.003,-0.9983,0,-0.0514,-0.9987,0,0,-0.9969,0.0513,-0.0588,0,1.8187,0,0,1]},
{"frame":3,"values":[0.0588,-0.003,-0.9983,0,-0.0514,-0.9987,0,0,-0.9969,0.0513,-0.0588,0,1.8187,-0.025,0,1]},
{"frame":4,"values":[0.0588,-0.003,-0.9983,0,-0.0514,-0.9987,0,0,-0.9969,0.0513,-0.0588,0,1.8187,-0.05,0,1]},
{"frame":5,"values":[0.0588,-0.003,-0.9983,0,-0.0514,-0.9987,0,0,-0.9969,0.0513,-0.0588,0,1.8187,-0.075,0,1]},
{"frame":6,"values":[0.0588,-0.003,-0.9983,0,-0.0514,-0.9987,0,0,-0.9969,0.0513,-0.0588,0,1.8187,-0.1,0,1]},
{"frame":7,"values":[0.0588,-0.003,-0.9983,0,-0.0514,-0.9987,0,0,-0.9969,0.0513,-0.0588,0,1.8187,-0.08,0,1]},
{"frame":8,"values":[0.0588,-0.003,-0.9983,0,-0.0514,-0.9987,0,0,-0.9969,0.0513,-0.0588,0,1.8187,-0.06,0,1]},
{"frame":9,"values":[0.0588,-0.003,-0.9983,0,-0.0514,-0.9987,0,0,-0.9969,0.0513,-0.0588,0,1.8187,-0.04,0,1]},
{"frame":10,"values":[0.0588,-0.003,-0.9983,0,-0.0514,-0.9987,0,0,-0.9969,0.0513,-0.0588,0,1.8187,-0.02,0,1]},
{"frame":11,"values":[0.0588,-0.003,-0.9983,0,-0.0514,-0.9987,0,0,-0.9969,0.0513,-0.0588,0,1.8187,0,0,1]},
{"frame":12,"values":[0.0588,-0.003,-0.9983,0,-0.0514,-0.9987,0,0,-0.9969,0.0513,-0.0588,0,1.8187,-0.02,0,1]},
{"frame":13,"values":[0.0588,-0.003,-0.9983,0,-0.0514,-0.9987,0,0,-0.9969,0.0513,-0.0588,0,1.8187,-0.04,0,1]},
{"frame":14,"values":[0.0588,-0.003,-0.9983,0,-0.0514,-0.9987,0,0,-0.9969,0.0513,-0.0588,0,1.8187,-0.06,0,1]},
{"frame":15,"values":[0.0588,-0.003,-0.9983,0,-0.0514,-0.9987,0,0,-0.9969,0.0513,-0.0588,0,1.8187,-0.08,0,1]},
{"frame":16,"values":[0.0588,-0.003,-0.9983,0,-0.0514,-0.9987,0,0,-0.9969,0.0513,-0.0588,0,1.8187,-0.1,0,1]},
{"frame":17,"values":[0.0588,-0.003,-0.9983,0,-0.0514,-0.9987,0,0,-0.9969,0.0513,-0.0588,0,1.8187,-0.08,0,1]},
{"frame":18,"values":[0.0588,-0.003,-0.9983,0,-0.0514,-0.9987,0,0,-0.9969,0.0513,-0.0588,0,1.8187,-0.06,0,1]},
{"frame":19,"values":[0.0588,-0.003,-0.9983,0,-0.0514,-0.9987,0,0,-0.9969,0.0513,-0.0588,0,1.8187,-0.04,0,1]},
{"frame":20,"values":[0.0588,-0.003,-0.9983,0,-0.0514,-0.9987,0,0,-0.9969,0.0513,-0.0588,0,1.8187,-0.02,0,1]},
{"frame":21,"values":[0.0588,-0.003,-0.9983,0,-0.0514,-0.9987,0,0,-0.9969,0.0513,-0.0588,0,1.8187,0,0,1]},
{"frame":22,"values":[0.0588,-0.003,-0.9983,0,-0.0514,-0.9987,0,0,-0.9969,0.0513,-0.0588,0,1.8187,-0.02,0,1]},
{"frame":23,"values":[0.0588,-0.003,-0.9983,0,-0.0514,-0.9987,0,0,-0.9969,0.0513,-0.0588,0,1.8187,-0.04,0,1]},
{"frame":24,"values":[0.0588,-0.003,-0.9983,0,-0.0514,-0.9987,0,0,-0.9969,0.0513,-0.0588,0,1.8187,-0.06,0,1]},
{"frame":25,"values":[0.0588,-0.003,-0.9983,0,-0.0514,-0.9987,0,0,-0.9969,0.0513,-0.0588,0,1.8187,-0.08,0,1]},
{"frame":26,"values":[0.0588,-0.003,-0.9983,0,-0.0514,-0.9987,0,0,-0.9969,0.0513,-0.0588,0,1.8187,-0.1,0,1]},
{"frame":27,"values":[0.0588,-0.003,-0.9983,0,-0.0514,-0.9987,0,0,-0.9969,0.0513,-0.0588,0,1.8187,-0.08,0,1]},
{"frame":28,"values":[0.0588,-0.003,-0.9983,0,-0.0514,-0.9987,0,0,-0.9969,0.0513,-0.0588,0,1.8187,-0.06,0,1]},
{"frame":29,"values":[0.0588,-0.003,-0.9983,0,-0.0514,-0.9987,0,0,-0.9969,0.0513,-0.0588,0,1.8187,-0.04,0,1]},
{"frame":30,"values":[0.0588,-0.003,-0.9983,0,-0.0514,-0.9987,0,0,-0.9969,0.0513,-0.0588,0,1.8187,-0.02,0,1]},
{"frame":31,"values":[0.0588,-0.003,-0.9983,0,-0.0514,-0.9987,0,0,-0.9969,0.0513,-0.0588,0,1.8187,0,0,1]},
{"frame":32,"values":[0.0588,-0.003,-0.9983,0,-0.0514,-0.9987,0,0,-0.9969,0.0513,-0.0588,0,1.8187,-0.02,0,1]},
{"frame":33,"values":[0.0588,-0.003,-0.9983,0,-0.0514,-0.9987,0,0,-0.9969,0.0513,-0.0588,0,1.8187,-0.04,0,1]},
{"frame":34,"values":[0.0588,-0.003,-0.9983,0,-0.0514,-0.9987,0,0,-0.9969,0.0513,-0.0588,0,1.8187,-0.06,0,1]},
{"frame":35,"values":[0.0588,-0.003,-0.9983,0,-0.0514,-0.9987,0,0,-0.9969,0.0513,-0.0588,0,1.8187,-0.08,0,1]},
{"frame":36,"values":[0.0588,-0.003,-0.9983,0,-0.0514,-0.9987,0,0,-0.9969,0.0513,-0.0588,0,1.8187,-0.1,0,1]},
{"frame":37,"values":[0.0588,-0.003,-0.9983,0,-0.0514,-0.9987,0,0,-0.9969,0.0513,-0.0588,0,1.8187,-0.08,0,1]},
{"frame":38,"values":[0.0588,-0.003,-0.9983,0,-0.0514,-0.9987,0,0,-0.9969,0.0513,-0.0588,0,1.8187,-0.06,0,1]},
{"frame":39,"values":[0.0588,-0.003,-0.9983,0,-0.0514,-0.9987,0,0,-0.9969,0.0513,-0.0588,0,1.8187,-0.04,0,1]},
{"frame":40,"values":[0.0588,-0.003,-0.9983,0,-0.0514,-0.9987,0,0,-0.9969,0.0513,-0.0588,0,1.8187,-0.02,0,1]},
{"frame":41,"values":[0.0588,-0.003,-0.9983,0,-0.0514,-0.9987,0,0,-0.9969,0.0513,-0.0588,0,1.8187,0,0,1]}],"loopBehavior":1,"name":"anim","property":"_matrix"}},
{"name":"joint18","index":17,"matrix":[0.4668,0.8844,0,0,-0.8844,0.4668,0,0,0,0,1,0,2.3555,0,0,1],"rest":[0.4668,0.8844,0,0,-0.8844,0.4668,0,0,0,0,1,0,2.3555,0,0,1],"parentBoneIndex":16,"length":2.3555
,"animation":{"dataType":3,"framePerSecond":30,"keys":[
{"frame":2,"values":[0.4668,0.8844,0,0,-0.8844,0.4668,0,0,0,0,1,0,2.3555,0,0,1]},
{"frame":41,"values":[0.4668,0.8844,0,0,-0.8844,0.4668,0,0,0,0,1,0,2.3555,0,0,1]}],"loopBehavior":1,"name":"anim","property":"_matrix"}}]
,"ranges":[{"name":"Armature|Take 001|BaseLayer","from":0,"to":41}]}],
