{"producer":{"name":"Blender","version":"2.78 (sub 0)","exporter_version":"5.4.0","file":"MonkeyFall.babylon"},
"autoClear":true,"clearColor":[0.0509,0.0509,0.0509],"ambientColor":[0,0,0],"gravity":[0,-9.81,0],
"materials":[{"name":"MonkeyFall.phong1.001","id":"MonkeyFall.phong1.001","ambient":[1,1,1],"diffuse":[1,1,1],"specular":[0,0,0],"emissive":[0.1,0.1,0.1],"specularPower":1,"alpha":1,"backFaceCulling":true,"checkReadyOnlyOnce":false,"maxSimultaneousLights":4, 
"diffuseTexture":{"name":"MonkeyApe.png","level":1,"hasAlpha":1,"coordinatesMode":0,"uOffset":0,"vOffset":0,"uScale":1,"vScale":1,"uAng":0,"vAng":0,"wAng":0,"wrapU":1,"wrapV":1,"coordinatesIndex":0}}],
"multiMaterials":[],
"skeletons":[{"name":"Armature","id":0,"dimensionsAtRest":[7.2923,7.9613,0],"bones":[
{"name":"joint1","index":0,"matrix":[-1,0.0065,0,0,0.0016,0.2512,0.9679,0,-0.0063,-0.9679,0.2512,0,0.0101,3.2122,0,1],"rest":[-1,0.0065,0,0,0.0065,1,0,0,0,0,1,0,0.0101,3.2122,0,1],"parentBoneIndex":-1,"length":1.1164
,"animation":{"dataType":3,"framePerSecond":30,"keys":[
{"frame":2,"values":[-1,0.0065,0,0,0.0065,1,0,0,0,0,1,0,0.0101,3.2122,0,1]},
{"frame":3,"values":[-1,0.0065,0,0,0.0065,1,0.002,0,0,-0.002,1,0,0.0101,3.2122,0,1]},
{"frame":4,"values":[-1,0.0065,0,0,0.0065,0.9999,0.0077,0,-0.0001,-0.0077,1,0,0.0101,3.2122,0,1]},
{"frame":5,"values":[-1,0.0065,0,0,0.0065,0.9998,0.0172,0,-0.0001,-0.0172,0.9999,0,0.0101,3.2122,0,1]},
{"frame":6,"values":[-1,0.0065,0,0,0.0065,0.9995,0.0301,0,-0.0002,-0.0301,0.9995,0,0.0101,3.2122,0,1]},
{"frame":7,"values":[-1,0.0065,0,0,0.0065,0.9989,0.0464,0,-0.0003,-0.0464,0.9989,0,0.0101,3.2122,0,1]},
{"frame":8,"values":[-1,0.0065,0,0,0.0065,0.9978,0.0658,0,-0.0004,-0.0658,0.9978,0,0.0101,3.2122,0,1]},
{"frame":9,"values":[-1,0.0065,0,0,0.0065,0.9961,0.0882,0,-0.0006,-0.0882,0.9961,0,0.0101,3.2122,0,1]},
{"frame":10,"values":[-1,0.0065,0,0,0.0065,0.9935,0.1133,0,-0.0007,-0.1133,0.9936,0,0.0101,3.2122,0,1]},
{"frame":11,"values":[-1,0.0065,0,0,0.0065,0.99,0.1411,0,-0.0009,-0.1411,0.99,0,0.0101,3.2122,0,1]},
{"frame":12,"values":[-1,0.0065,0,0,0.0064,0.9852,0.1712,0,-0.0011,-0.1712,0.9852,0,0.0101,3.2122,0,1]},
{"frame":13,"values":[-1,0.0065,0,0,0.0064,0.9791,0.2035,0,-0.0013,-0.2035,0.9791,0,0.0101,3.2122,0,1]},
{"frame":14,"values":[-1,0.0065,0,0,0.0063,0.9713,0.2377,0,-0.0016,-0.2377,0.9713,0,0.0101,3.2122,0,1]},
{"frame":15,"values":[-1,0.0065,0,0,0.0063,0.9618,0.2735,0,-0.0018,-0.2735,0.9619,0,0.0101,3.2122,0,1]},
{"frame":16,"values":[-1,0.0065,0,0,0.0062,0.9505,0.3108,0,-0.002,-0.3108,0.9505,0,0.0101,3.2122,0,1]},
{"frame":17,"values":[-1,0.0065,0,0,0.0061,0.9371,0.3491,0,-0.0023,-0.3491,0.9371,0,0.0101,3.2122,0,1]},
{"frame":18,"values":[-1,0.0065,0,0,0.006,0.9215,0.3884,0,-0.0025,-0.3884,0.9215,0,0.0101,3.2122,0,1]},
{"frame":19,"values":[-1,0.0065,0,0,0.0059,0.9037,0.4281,0,-0.0028,-0.4281,0.9037,0,0.0101,3.2122,0,1]},
{"frame":20,"values":[-1,0.0065,0,0,0.0058,0.8836,0.4682,0,-0.0031,-0.4682,0.8836,0,0.0101,3.2122,0,1]},
{"frame":21,"values":[-1,0.0065,0,0,0.0056,0.8612,0.5082,0,-0.0033,-0.5082,0.8612,0,0.0101,3.2122,0,1]},
{"frame":22,"values":[-1,0.0065,0,0,0.0055,0.8365,0.5479,0,-0.0036,-0.5479,0.8365,0,0.0101,3.2122,0,1]},
{"frame":23,"values":[-1,0.0065,0,0,0.0053,0.8096,0.587,0,-0.0038,-0.587,0.8096,0,0.0101,3.2122,0,1]},
{"frame":24,"values":[-1,0.0065,0,0,0.0051,0.7804,0.6252,0,-0.0041,-0.6252,0.7805,0,0.0101,3.2122,0,1]},
{"frame":25,"values":[-1,0.0065,0,0,0.0049,0.7492,0.6623,0,-0.0043,-0.6623,0.7493,0,0.0101,3.2122,0,1]},
{"frame":26,"values":[-1,0.0065,0,0,0.0047,0.7161,0.698,0,-0.0046,-0.698,0.7161,0,0.0101,3.2122,0,1]},
{"frame":27,"values":[-1,0.0065,0,0,0.0045,0.6812,0.7321,0,-0.0048,-0.732,0.6812,0,0.0101,3.2122,0,1]},
{"frame":28,"values":[-1,0.0065,0,0,0.0042,0.6448,0.7644,0,-0.005,-0.7643,0.6448,0,0.0101,3.2122,0,1]},
{"frame":29,"values":[-1,0.0065,0,0,0.004,0.607,0.7947,0,-0.0052,-0.7947,0.607,0,0.0101,3.2122,0,1]},
{"frame":30,"values":[-1,0.0065,0,0,0.0037,0.5681,0.8229,0,-0.0054,-0.8229,0.5681,0,0.0101,3.2122,0,1]},
{"frame":31,"values":[-1,0.0065,0,0,0.0035,0.5284,0.849,0,-0.0055,-0.849,0.5284,0,0.0101,3.2122,0,1]},
{"frame":32,"values":[-1,0.0065,0,0,0.0032,0.4882,0.8727,0,-0.0057,-0.8727,0.4882,0,0.0101,3.2122,0,1]},
{"frame":33,"values":[-1,0.0065,0,0,0.0029,0.4476,0.8942,0,-0.0058,-0.8942,0.4477,0,0.0101,3.2122,0,1]},
{"frame":34,"values":[-1,0.0065,0,0,0.0027,0.4071,0.9134,0,-0.006,-0.9133,0.4072,0,0.0101,3.2122,0,1]},
{"frame":35,"values":[-1,0.0065,0,0,0.0024,0.367,0.9302,0,-0.0061,-0.9302,0.367,0,0.0101,3.2122,0,1]},
{"frame":36,"values":[-1,0.0065,0,0,0.0021,0.3274,0.9449,0,-0.0062,-0.9449,0.3274,0,0.0101,3.2122,0,1]},
{"frame":37,"values":[-1,0.0065,0,0,0.0019,0.2887,0.9574,0,-0.0063,-0.9574,0.2887,0,0.0101,3.2122,0,1]},
{"frame":38,"values":[-1,0.0065,0,0,0.0016,0.2512,0.9679,0,-0.0063,-0.9679,0.2512,0,0.0101,3.2122,0,1]},
{"frame":39,"values":[-1,0.0065,0,0,0.0014,0.2152,0.9766,0,-0.0064,-0.9766,0.2152,0,0.0101,3.2122,0,1]},
{"frame":40,"values":[-1,0.0065,0,0,0.0012,0.1808,0.9835,0,-0.0064,-0.9835,0.1808,0,0.0101,3.2122,0,1]},
{"frame":41,"values":[-1,0.0065,0,0,0.001,0.1484,0.9889,0,-0.0065,-0.9889,0.1484,0,0.0101,3.2122,0,1]},
{"frame":42,"values":[-1,0.0065,0,0,0.0008,0.1182,0.993,0,-0.0065,-0.993,0.1182,0,0.0101,3.2122,0,1]},
{"frame":43,"values":[-1,0.0065,0,0,0.0006,0.0904,0.9959,0,-0.0065,-0.9959,0.0904,0,0.0101,3.2122,0,1]},
{"frame":44,"values":[-1,0.0065,0,0,0.0004,0.0651,0.9979,0,-0.0065,-0.9979,0.0651,0,0.0101,3.2122,0,1]},
{"frame":45,"values":[-1,0.0065,0,0,0.0003,0.0427,0.9991,0,-0.0065,-0.9991,0.0427,0,0.0101,3.2122,0,1]},
{"frame":46,"values":[-1,0.0065,0,0,0.0002,0.0233,0.9997,0,-0.0065,-0.9997,0.0233,0,0.0101,3.2122,0,1]},
{"frame":47,"values":[-1,0.0065,0,0,0,0.007,1,0,-0.0065,-1,0.007,0,0.0101,3.2122,0,1]},
{"frame":48,"values":[-1,0.0065,0,0,0,-0.0059,1,0,-0.0065,-1,-0.0059,0,0.0101,3.2122,0,1]},
{"frame":49,"values":[-1,0.0065,0,0,-0.0001,-0.0154,0.9999,0,-0.0065,-0.9999,-0.0154,0,0.0101,3.2122,0,1]},
{"frame":50,"values":[-1,0.0065,0,0,-0.0001,-0.0211,0.9998,0,-0.0065,-0.9998,-0.0211,0,0.0101,3.2122,0,1]},
{"frame":51,"values":[-1,0.0065,0,0,-0.0002,-0.0231,0.9997,0,-0.0065,-0.9997,-0.0231,0,0.0101,3.2122,0,1]},
{"frame":61,"values":[-1,0.0065,0,0,-0.0002,-0.0231,0.9997,0,-0.0065,-0.9997,-0.0231,0,0.0101,3.2122,0,1]},
{"frame":72,"values":[-1,0.0065,0,0,0.0065,1,0,0,0,0,1,0,0.0101,3.2122,0,1]},
{"frame":73,"values":[-1,0.0065,0,0,0.0065,1,0.002,0,0,-0.002,1,0,0.0101,3.2122,0,1]},
{"frame":74,"values":[-1,0.0065,0,0,0.0065,0.9999,0.0077,0,-0.0001,-0.0077,1,0,0.0101,3.2122,0,1]},
{"frame":75,"values":[-1,0.0065,0,0,0.0065,0.9998,0.0172,0,-0.0001,-0.0172,0.9999,0,0.0101,3.2122,0,1]},
{"frame":76,"values":[-1,0.0065,0,0,0.0065,0.9995,0.0301,0,-0.0002,-0.0301,0.9995,0,0.0101,3.2122,0,1]},
{"frame":77,"values":[-1,0.0065,0,0,0.0065,0.9989,0.0464,0,-0.0003,-0.0464,0.9989,0,0.0101,3.2122,0,1]},
{"frame":78,"values":[-1,0.0065,0,0,0.0065,0.9978,0.0658,0,-0.0004,-0.0658,0.9978,0,0.0101,3.2122,0,1]},
{"frame":79,"values":[-1,0.0065,0,0,0.0065,0.9961,0.0882,0,-0.0006,-0.0882,0.9961,0,0.0101,3.2122,0,1]},
{"frame":80,"values":[-1,0.0065,0,0,0.0065,0.9935,0.1133,0,-0.0007,-0.1133,0.9936,0,0.0101,3.2122,0,1]},
{"frame":81,"values":[-1,0.0065,0,0,0.0065,0.99,0.1411,0,-0.0009,-0.1411,0.99,0,0.0101,3.2122,0,1]},
{"frame":82,"values":[-1,0.0065,0,0,0.0064,0.9852,0.1712,0,-0.0011,-0.1712,0.9852,0,0.0101,3.2122,0,1]},
{"frame":83,"values":[-1,0.0065,0,0,0.0064,0.9791,0.2035,0,-0.0013,-0.2035,0.9791,0,0.0101,3.2122,0,1]},
{"frame":84,"values":[-1,0.0065,0,0,0.0063,0.9713,0.2377,0,-0.0016,-0.2377,0.9713,0,0.0101,3.2122,0,1]},
{"frame":85,"values":[-1,0.0065,0,0,0.0063,0.9618,0.2735,0,-0.0018,-0.2735,0.9619,0,0.0101,3.2122,0,1]},
{"frame":86,"values":[-1,0.0065,0,0,0.0062,0.9505,0.3108,0,-0.002,-0.3108,0.9505,0,0.0101,3.2122,0,1]},
{"frame":87,"values":[-1,0.0065,0,0,0.0061,0.9371,0.3491,0,-0.0023,-0.3491,0.9371,0,0.0101,3.2122,0,1]},
{"frame":88,"values":[-1,0.0065,0,0,0.006,0.9215,0.3884,0,-0.0025,-0.3884,0.9215,0,0.0101,3.2122,0,1]},
{"frame":89,"values":[-1,0.0065,0,0,0.0059,0.9037,0.4281,0,-0.0028,-0.4281,0.9037,0,0.0101,3.2122,0,1]},
{"frame":90,"values":[-1,0.0065,0,0,0.0058,0.8836,0.4682,0,-0.0031,-0.4682,0.8836,0,0.0101,3.2122,0,1]},
{"frame":91,"values":[-1,0.0065,0,0,0.0056,0.8612,0.5082,0,-0.0033,-0.5082,0.8612,0,0.0101,3.2122,0,1]},
{"frame":92,"values":[-1,0.0065,0,0,0.0055,0.8365,0.5479,0,-0.0036,-0.5479,0.8365,0,0.0101,3.2122,0,1]},
{"frame":93,"values":[-1,0.0065,0,0,0.0053,0.8096,0.587,0,-0.0038,-0.587,0.8096,0,0.0101,3.2122,0,1]},
{"frame":94,"values":[-1,0.0065,0,0,0.0051,0.7804,0.6252,0,-0.0041,-0.6252,0.7805,0,0.0101,3.2122,0,1]},
{"frame":95,"values":[-1,0.0065,0,0,0.0049,0.7492,0.6623,0,-0.0043,-0.6623,0.7493,0,0.0101,3.2122,0,1]},
{"frame":96,"values":[-1,0.0065,0,0,0.0047,0.7161,0.698,0,-0.0046,-0.698,0.7161,0,0.0101,3.2122,0,1]},
{"frame":97,"values":[-1,0.0065,0,0,0.0045,0.6812,0.7321,0,-0.0048,-0.732,0.6812,0,0.0101,3.2122,0,1]},
{"frame":98,"values":[-1,0.0065,0,0,0.0042,0.6448,0.7644,0,-0.005,-0.7643,0.6448,0,0.0101,3.2122,0,1]},
{"frame":99,"values":[-1,0.0065,0,0,0.004,0.607,0.7947,0,-0.0052,-0.7947,0.607,0,0.0101,3.2122,0,1]},
{"frame":100,"values":[-1,0.0065,0,0,0.0037,0.5681,0.8229,0,-0.0054,-0.8229,0.5681,0,0.0101,3.2122,0,1]},
{"frame":101,"values":[-1,0.0065,0,0,0.0035,0.5284,0.849,0,-0.0055,-0.849,0.5284,0,0.0101,3.2122,0,1]},
{"frame":102,"values":[-1,0.0065,0,0,0.0032,0.4882,0.8727,0,-0.0057,-0.8727,0.4882,0,0.0101,3.2122,0,1]},
{"frame":103,"values":[-1,0.0065,0,0,0.0029,0.4476,0.8942,0,-0.0058,-0.8942,0.4477,0,0.0101,3.2122,0,1]},
{"frame":104,"values":[-1,0.0065,0,0,0.0027,0.4071,0.9134,0,-0.006,-0.9133,0.4072,0,0.0101,3.2122,0,1]},
{"frame":105,"values":[-1,0.0065,0,0,0.0024,0.367,0.9302,0,-0.0061,-0.9302,0.367,0,0.0101,3.2122,0,1]},
{"frame":106,"values":[-1,0.0065,0,0,0.0021,0.3274,0.9449,0,-0.0062,-0.9449,0.3274,0,0.0101,3.2122,0,1]},
{"frame":107,"values":[-1,0.0065,0,0,0.0019,0.2887,0.9574,0,-0.0063,-0.9574,0.2887,0,0.0101,3.2122,0,1]},
{"frame":108,"values":[-1,0.0065,0,0,0.0016,0.2512,0.9679,0,-0.0063,-0.9679,0.2512,0,0.0101,3.2122,0,1]},
{"frame":109,"values":[-1,0.0065,0,0,0.0014,0.2152,0.9766,0,-0.0064,-0.9766,0.2152,0,0.0101,3.2122,0,1]},
{"frame":110,"values":[-1,0.0065,0,0,0.0012,0.1808,0.9835,0,-0.0064,-0.9835,0.1808,0,0.0101,3.2122,0,1]},
{"frame":111,"values":[-1,0.0065,0,0,0.001,0.1484,0.9889,0,-0.0065,-0.9889,0.1484,0,0.0101,3.2122,0,1]},
{"frame":112,"values":[-1,0.0065,0,0,0.0008,0.1182,0.993,0,-0.0065,-0.993,0.1182,0,0.0101,3.2122,0,1]},
{"frame":113,"values":[-1,0.0065,0,0,0.0006,0.0904,0.9959,0,-0.0065,-0.9959,0.0904,0,0.0101,3.2122,0,1]},
{"frame":114,"values":[-1,0.0065,0,0,0.0004,0.0651,0.9979,0,-0.0065,-0.9979,0.0651,0,0.0101,3.2122,0,1]},
{"frame":115,"values":[-1,0.0065,0,0,0.0003,0.0427,0.9991,0,-0.0065,-0.9991,0.0427,0,0.0101,3.2122,0,1]},
{"frame":116,"values":[-1,0.0065,0,0,0.0002,0.0233,0.9997,0,-0.0065,-0.9997,0.0233,0,0.0101,3.2122,0,1]},
{"frame":117,"values":[-1,0.0065,0,0,0,0.007,1,0,-0.0065,-1,0.007,0,0.0101,3.2122,0,1]},
{"frame":118,"values":[-1,0.0065,0,0,0,-0.0059,1,0,-0.0065,-1,-0.0059,0,0.0101,3.2122,0,1]},
{"frame":119,"values":[-1,0.0065,0,0,-0.0001,-0.0154,0.9999,0,-0.0065,-0.9999,-0.0154,0,0.0101,3.2122,0,1]},
{"frame":120,"values":[-1,0.0065,0,0,-0.0001,-0.0211,0.9998,0,-0.0065,-0.9998,-0.0211,0,0.0101,3.2122,0,1]},
{"frame":121,"values":[-1,0.0065,0,0,-0.0002,-0.0231,0.9997,0,-0.0065,-0.9997,-0.0231,0,0.0101,3.2122,0,1]},
{"frame":131,"values":[-1,0.0065,0,0,-0.0002,-0.0231,0.9997,0,-0.0065,-0.9997,-0.0231,0,0.0101,3.2122,0,1]}],"loopBehavior":1,"name":"anim","property":"_matrix"}},
{"name":"joint2","index":1,"matrix":[0.8188,0.4183,-0.3931,0,-0.2678,0.8841,0.383,0,0.5077,-0.2084,0.8359,0,1.0674,0,0,1],"rest":[1,-0.0065,0,0,0.0065,1,0,0,0,0,1,0,1.0674,0,0,1],"parentBoneIndex":0,"length":1.165
,"animation":{"dataType":3,"framePerSecond":30,"keys":[
{"frame":2,"values":[0.5812,-0.0038,-0.8137,0,0.0065,1,0,0,0.8137,-0.0053,0.5812,0,1.0674,0,0,1]},
{"frame":3,"values":[0.5807,0.0503,-0.8126,0,-0.0249,0.9987,0.044,0,0.8137,-0.0053,0.5812,0,1.0674,0,0,1]},
{"frame":4,"values":[0.5785,0.1044,-0.809,0,-0.0564,0.9945,0.0881,0,0.8137,-0.0053,0.5812,0,1.0674,0,0,1]},
{"frame":5,"values":[0.5746,0.1585,-0.803,0,-0.0879,0.9873,0.132,0,0.8137,-0.0053,0.5812,0,1.0674,0,0,1]},
{"frame":6,"values":[0.5689,0.2122,-0.7945,0,-0.1191,0.9772,0.1757,0,0.8137,-0.0053,0.5812,0,1.0674,0,0,1]},
{"frame":7,"values":[0.5615,0.2654,-0.7837,0,-0.1501,0.9641,0.2189,0,0.8137,-0.0053,0.5812,0,1.0674,0,0,1]},
{"frame":8,"values":[0.5525,0.3177,-0.7706,0,-0.1805,0.9482,0.2614,0,0.8137,-0.0053,0.5812,0,1.0674,0,0,1]},
{"frame":9,"values":[0.5418,0.3689,-0.7552,0,-0.2104,0.9295,0.3031,0,0.8137,-0.0053,0.5812,0,1.0674,0,0,1]},
{"frame":10,"values":[0.5296,0.4189,-0.7376,0,-0.2395,0.908,0.3436,0,0.8137,-0.0053,0.5812,0,1.0674,0,0,1]},
{"frame":11,"values":[0.5159,0.4673,-0.718,0,-0.2678,0.8841,0.383,0,0.8137,-0.0053,0.5812,0,1.0674,0,0,1]},
{"frame":12,"values":[0.5607,0.4663,-0.6843,0,-0.2678,0.8841,0.383,0,0.7835,-0.0315,0.6206,0,1.0674,0,0,1]},
{"frame":13,"values":[0.604,0.4638,-0.6482,0,-0.2678,0.8841,0.383,0,0.7506,-0.0578,0.6582,0,1.0674,0,0,1]},
{"frame":14,"values":[0.6456,0.4597,-0.6098,0,-0.2678,0.8841,0.383,0,0.7152,-0.084,0.6939,0,1.0674,0,0,1]},
{"frame":15,"values":[0.6852,0.4542,-0.5693,0,-0.2678,0.8841,0.383,0,0.6773,-0.11,0.7274,0,1.0674,0,0,1]},
{"frame":16,"values":[0.7227,0.4472,-0.527,0,-0.2678,0.8841,0.383,0,0.6372,-0.1357,0.7587,0,1.0674,0,0,1]},
{"frame":17,"values":[0.7578,0.4388,-0.4829,0,-0.2678,0.8841,0.383,0,0.595,-0.1609,0.7875,0,1.0674,0,0,1]},
{"frame":18,"values":[0.7905,0.4289,-0.4373,0,-0.2678,0.8841,0.383,0,0.5509,-0.1856,0.8137,0,1.0674,0,0,1]},
{"frame":19,"values":[0.8204,0.4177,-0.3905,0,-0.2678,0.8841,0.383,0,0.5052,-0.2097,0.8372,0,1.0674,0,0,1]},
{"frame":20,"values":[0.8476,0.4052,-0.3426,0,-0.2678,0.8841,0.383,0,0.4581,-0.2329,0.8579,0,1.0674,0,0,1]},
{"frame":21,"values":[0.872,0.3915,-0.294,0,-0.2678,0.8841,0.383,0,0.4098,-0.2552,0.8757,0,1.0674,0,0,1]},
{"frame":22,"values":[0.8477,0.4052,-0.3425,0,-0.2678,0.8841,0.383,0,0.458,-0.2329,0.8579,0,1.0674,0,0,1]},
{"frame":23,"values":[0.8206,0.4176,-0.3901,0,-0.2678,0.8841,0.383,0,0.5048,-0.2098,0.8373,0,1.0674,0,0,1]},
{"frame":24,"values":[0.791,0.4287,-0.4364,0,-0.2678,0.8841,0.383,0,0.55,-0.1861,0.8141,0,1.0674,0,0,1]},
{"frame":25,"values":[0.759,0.4384,-0.4813,0,-0.2678,0.8841,0.383,0,0.5935,-0.1618,0.7884,0,1.0674,0,0,1]},
{"frame":26,"values":[0.8077,0.4227,-0.411,0,-0.2678,0.8841,0.383,0,0.5252,-0.1993,0.8273,0,1.0674,0,0,1]},
{"frame":27,"values":[0.8505,0.4037,-0.3372,0,-0.2678,0.8841,0.383,0,0.4527,-0.2355,0.86,0,1.0674,0,0,1]},
{"frame":28,"values":[0.8868,0.3816,-0.2608,0,-0.2678,0.8841,0.383,0,0.3768,-0.2698,0.8861,0,1.0674,0,0,1]},
{"frame":29,"values":[0.9162,0.3567,-0.1828,0,-0.2678,0.8841,0.383,0,0.2982,-0.3019,0.9055,0,1.0674,0,0,1]},
{"frame":30,"values":[0.8695,0.393,-0.2993,0,-0.2678,0.8841,0.383,0,0.4151,-0.2529,0.8739,0,1.0674,0,0,1]},
{"frame":31,"values":[0.8074,0.4228,-0.4115,0,-0.2678,0.8841,0.383,0,0.5258,-0.199,0.827,0,1.0674,0,0,1]},
{"frame":32,"values":[0.7313,0.4453,-0.5167,0,-0.2678,0.8841,0.383,0,0.6273,-0.1417,0.7657,0,1.0674,0,0,1]},
{"frame":33,"values":[0.6433,0.46,-0.612,0,-0.2678,0.8841,0.383,0,0.7173,-0.0825,0.6919,0,1.0674,0,0,1]},
{"frame":34,"values":[0.712,0.4494,-0.5396,0,-0.2678,0.8841,0.383,0,0.6492,-0.1282,0.7498,0,1.0674,0,0,1]},
{"frame":35,"values":[0.7738,0.4342,-0.4612,0,-0.2678,0.8841,0.383,0,0.5741,-0.1728,0.8003,0,1.0674,0,0,1]},
{"frame":36,"values":[0.8277,0.4146,-0.3782,0,-0.2678,0.8841,0.383,0,0.4932,-0.2157,0.8428,0,1.0674,0,0,1]},
{"frame":37,"values":[0.873,0.3909,-0.2918,0,-0.2678,0.8841,0.383,0,0.4077,-0.2562,0.8764,0,1.0674,0,0,1]},
{"frame":38,"values":[0.8188,0.4183,-0.3931,0,-0.2678,0.8841,0.383,0,0.5077,-0.2084,0.8359,0,1.0674,0,0,1]},
{"frame":39,"values":[0.7528,0.4401,-0.4895,0,-0.2678,0.8841,0.383,0,0.6014,-0.1572,0.7834,0,1.0674,0,0,1]},
{"frame":40,"values":[0.676,0.4557,-0.5791,0,-0.2678,0.8841,0.383,0,0.6865,-0.1039,0.7197,0,1.0674,0,0,1]},
{"frame":41,"values":[0.5904,0.4647,-0.6599,0,-0.2678,0.8841,0.383,0,0.7614,-0.0494,0.6464,0,1.0674,0,0,1]},
{"frame":42,"values":[0.6484,0.4594,-0.6071,0,-0.2678,0.8841,0.383,0,0.7127,-0.0857,0.6962,0,1.0674,0,0,1]},
{"frame":43,"values":[0.7025,0.4512,-0.5504,0,-0.2678,0.8841,0.383,0,0.6594,-0.1217,0.7419,0,1.0674,0,0,1]},
{"frame":44,"values":[0.7522,0.4403,-0.4903,0,-0.2678,0.8841,0.383,0,0.6021,-0.1568,0.7829,0,1.0674,0,0,1]},
{"frame":45,"values":[0.7972,0.4266,-0.4273,0,-0.2678,0.8841,0.383,0,0.5411,-0.1909,0.819,0,1.0674,0,0,1]},
{"frame":46,"values":[0.8701,0.3926,-0.2979,0,-0.2678,0.8841,0.383,0,0.4137,-0.2535,0.8744,0,1.0674,0,0,1]},
{"frame":47,"values":[0.9237,0.3487,-0.159,0,-0.2678,0.8841,0.383,0,0.2741,-0.3112,0.91,0,1.0674,0,0,1]},
{"frame":48,"values":[0.9551,0.296,-0.0155,0,-0.2678,0.8841,0.383,0,0.127,-0.3617,0.9236,0,1.0674,0,0,1]},
{"frame":49,"values":[0.9632,0.2365,0.1276,0,-0.2678,0.8841,0.383,0,-0.0222,-0.4031,0.9149,0,1.0674,0,0,1]},
{"frame":50,"values":[0.9487,0.1725,0.2651,0,-0.2678,0.8841,0.383,0,-0.1683,-0.4344,0.8849,0,1.0674,0,0,1]},
{"frame":51,"values":[0.9579,0.2017,0.2043,0,-0.2678,0.8841,0.383,0,-0.1034,-0.4216,0.9009,0,1.0674,0,0,1]},
{"frame":52,"values":[0.9627,0.2299,0.1424,0,-0.2678,0.8841,0.383,0,-0.0379,-0.4069,0.9127,0,1.0674,0,0,1]},
{"frame":53,"values":[0.9631,0.2571,0.08,0,-0.2678,0.8841,0.383,0,0.0277,-0.3903,0.9203,0,1.0674,0,0,1]},
{"frame":54,"values":[0.9635,0.2472,0.103,0,-0.2678,0.8841,0.383,0,0.0036,-0.3966,0.918,0,1.0674,0,0,1]},
{"frame":55,"values":[0.9633,0.2372,0.126,0,-0.2678,0.8841,0.383,0,-0.0205,-0.4027,0.9151,0,1.0674,0,0,1]},
{"frame":56,"values":[0.9624,0.227,0.1489,0,-0.2678,0.8841,0.383,0,-0.0447,-0.4085,0.9117,0,1.0674,0,0,1]},
{"frame":57,"values":[0.961,0.2167,0.1717,0,-0.2678,0.8841,0.383,0,-0.0688,-0.4141,0.9076,0,1.0674,0,0,1]},
{"frame":58,"values":[0.959,0.2063,0.1944,0,-0.2678,0.8841,0.383,0,-0.0929,-0.4194,0.9031,0,1.0674,0,0,1]},
{"frame":59,"values":[0.9564,0.1957,0.217,0,-0.2678,0.8841,0.383,0,-0.1169,-0.4244,0.8979,0,1.0674,0,0,1]},
{"frame":60,"values":[0.9531,0.185,0.2394,0,-0.2678,0.8841,0.383,0,-0.1408,-0.4292,0.8922,0,1.0674,0,0,1]},
{"frame":61,"values":[0.9493,0.1742,0.2617,0,-0.2678,0.8841,0.383,0,-0.1646,-0.4337,0.8859,0,1.0674,0,0,1]},
{"frame":72,"values":[0.5812,-0.0038,-0.8137,0,0.0065,1,0,0,0.8137,-0.0053,0.5812,0,1.0674,0,0,1]},
{"frame":73,"values":[0.5807,0.0503,-0.8126,0,-0.0249,0.9987,0.044,0,0.8137,-0.0053,0.5812,0,1.0674,0,0,1]},
{"frame":74,"values":[0.5785,0.1044,-0.809,0,-0.0564,0.9945,0.0881,0,0.8137,-0.0053,0.5812,0,1.0674,0,0,1]},
{"frame":75,"values":[0.5746,0.1585,-0.803,0,-0.0879,0.9873,0.132,0,0.8137,-0.0053,0.5812,0,1.0674,0,0,1]},
{"frame":76,"values":[0.5689,0.2122,-0.7945,0,-0.1191,0.9772,0.1757,0,0.8137,-0.0053,0.5812,0,1.0674,0,0,1]},
{"frame":77,"values":[0.5615,0.2654,-0.7837,0,-0.1501,0.9641,0.2189,0,0.8137,-0.0053,0.5812,0,1.0674,0,0,1]},
{"frame":78,"values":[0.5525,0.3177,-0.7706,0,-0.1805,0.9482,0.2614,0,0.8137,-0.0053,0.5812,0,1.0674,0,0,1]},
{"frame":79,"values":[0.5418,0.3689,-0.7552,0,-0.2104,0.9295,0.3031,0,0.8137,-0.0053,0.5812,0,1.0674,0,0,1]},
{"frame":80,"values":[0.5296,0.4189,-0.7376,0,-0.2395,0.908,0.3436,0,0.8137,-0.0053,0.5812,0,1.0674,0,0,1]},
{"frame":81,"values":[0.5159,0.4673,-0.718,0,-0.2678,0.8841,0.383,0,0.8137,-0.0053,0.5812,0,1.0674,0,0,1]},
{"frame":82,"values":[0.5607,0.4663,-0.6843,0,-0.2678,0.8841,0.383,0,0.7835,-0.0315,0.6206,0,1.0674,0,0,1]},
{"frame":83,"values":[0.604,0.4638,-0.6482,0,-0.2678,0.8841,0.383,0,0.7506,-0.0578,0.6582,0,1.0674,0,0,1]},
{"frame":84,"values":[0.6456,0.4597,-0.6098,0,-0.2678,0.8841,0.383,0,0.7152,-0.084,0.6939,0,1.0674,0,0,1]},
{"frame":85,"values":[0.6852,0.4542,-0.5693,0,-0.2678,0.8841,0.383,0,0.6773,-0.11,0.7274,0,1.0674,0,0,1]},
{"frame":86,"values":[0.7227,0.4472,-0.527,0,-0.2678,0.8841,0.383,0,0.6372,-0.1357,0.7587,0,1.0674,0,0,1]},
{"frame":87,"values":[0.7578,0.4388,-0.4829,0,-0.2678,0.8841,0.383,0,0.595,-0.1609,0.7875,0,1.0674,0,0,1]},
{"frame":88,"values":[0.7905,0.4289,-0.4373,0,-0.2678,0.8841,0.383,0,0.5509,-0.1856,0.8137,0,1.0674,0,0,1]},
{"frame":89,"values":[0.8204,0.4177,-0.3905,0,-0.2678,0.8841,0.383,0,0.5052,-0.2097,0.8372,0,1.0674,0,0,1]},
{"frame":90,"values":[0.8476,0.4052,-0.3426,0,-0.2678,0.8841,0.383,0,0.4581,-0.2329,0.8579,0,1.0674,0,0,1]},
{"frame":91,"values":[0.872,0.3915,-0.294,0,-0.2678,0.8841,0.383,0,0.4098,-0.2552,0.8757,0,1.0674,0,0,1]},
{"frame":92,"values":[0.8477,0.4052,-0.3425,0,-0.2678,0.8841,0.383,0,0.458,-0.2329,0.8579,0,1.0674,0,0,1]},
{"frame":93,"values":[0.8206,0.4176,-0.3901,0,-0.2678,0.8841,0.383,0,0.5048,-0.2098,0.8373,0,1.0674,0,0,1]},
{"frame":94,"values":[0.791,0.4287,-0.4364,0,-0.2678,0.8841,0.383,0,0.55,-0.1861,0.8141,0,1.0674,0,0,1]},
{"frame":95,"values":[0.759,0.4384,-0.4813,0,-0.2678,0.8841,0.383,0,0.5935,-0.1618,0.7884,0,1.0674,0,0,1]},
{"frame":96,"values":[0.8077,0.4227,-0.411,0,-0.2678,0.8841,0.383,0,0.5252,-0.1993,0.8273,0,1.0674,0,0,1]},
{"frame":97,"values":[0.8505,0.4037,-0.3372,0,-0.2678,0.8841,0.383,0,0.4527,-0.2355,0.86,0,1.0674,0,0,1]},
{"frame":98,"values":[0.8868,0.3816,-0.2608,0,-0.2678,0.8841,0.383,0,0.3768,-0.2698,0.8861,0,1.0674,0,0,1]},
{"frame":99,"values":[0.9162,0.3567,-0.1828,0,-0.2678,0.8841,0.383,0,0.2982,-0.3019,0.9055,0,1.0674,0,0,1]},
{"frame":100,"values":[0.8695,0.393,-0.2993,0,-0.2678,0.8841,0.383,0,0.4151,-0.2529,0.8739,0,1.0674,0,0,1]},
{"frame":101,"values":[0.8074,0.4228,-0.4115,0,-0.2678,0.8841,0.383,0,0.5258,-0.199,0.827,0,1.0674,0,0,1]},
{"frame":102,"values":[0.7313,0.4453,-0.5167,0,-0.2678,0.8841,0.383,0,0.6273,-0.1417,0.7657,0,1.0674,0,0,1]},
{"frame":103,"values":[0.6433,0.46,-0.612,0,-0.2678,0.8841,0.383,0,0.7173,-0.0825,0.6919,0,1.0674,0,0,1]},
{"frame":104,"values":[0.712,0.4494,-0.5396,0,-0.2678,0.8841,0.383,0,0.6492,-0.1282,0.7498,0,1.0674,0,0,1]},
{"frame":105,"values":[0.7738,0.4342,-0.4612,0,-0.2678,0.8841,0.383,0,0.5741,-0.1728,0.8003,0,1.0674,0,0,1]},
{"frame":106,"values":[0.8277,0.4146,-0.3782,0,-0.2678,0.8841,0.383,0,0.4932,-0.2157,0.8428,0,1.0674,0,0,1]},
{"frame":107,"values":[0.873,0.3909,-0.2918,0,-0.2678,0.8841,0.383,0,0.4077,-0.2562,0.8764,0,1.0674,0,0,1]},
{"frame":108,"values":[0.8188,0.4183,-0.3931,0,-0.2678,0.8841,0.383,0,0.5077,-0.2084,0.8359,0,1.0674,0,0,1]},
{"frame":109,"values":[0.7528,0.4401,-0.4895,0,-0.2678,0.8841,0.383,0,0.6014,-0.1572,0.7834,0,1.0674,0,0,1]},
{"frame":110,"values":[0.676,0.4557,-0.5791,0,-0.2678,0.8841,0.383,0,0.6865,-0.1039,0.7197,0,1.0674,0,0,1]},
{"frame":111,"values":[0.5904,0.4647,-0.6599,0,-0.2678,0.8841,0.383,0,0.7614,-0.0494,0.6464,0,1.0674,0,0,1]},
{"frame":112,"values":[0.6484,0.4594,-0.6071,0,-0.2678,0.8841,0.383,0,0.7127,-0.0857,0.6962,0,1.0674,0,0,1]},
{"frame":113,"values":[0.7025,0.4512,-0.5504,0,-0.2678,0.8841,0.383,0,0.6594,-0.1217,0.7419,0,1.0674,0,0,1]},
{"frame":114,"values":[0.7522,0.4403,-0.4903,0,-0.2678,0.8841,0.383,0,0.6021,-0.1568,0.7829,0,1.0674,0,0,1]},
{"frame":115,"values":[0.7972,0.4266,-0.4273,0,-0.2678,0.8841,0.383,0,0.5411,-0.1909,0.819,0,1.0674,0,0,1]},
{"frame":116,"values":[0.8701,0.3926,-0.2979,0,-0.2678,0.8841,0.383,0,0.4137,-0.2535,0.8744,0,1.0674,0,0,1]},
{"frame":117,"values":[0.9237,0.3487,-0.159,0,-0.2678,0.8841,0.383,0,0.2741,-0.3112,0.91,0,1.0674,0,0,1]},
{"frame":118,"values":[0.9551,0.296,-0.0155,0,-0.2678,0.8841,0.383,0,0.127,-0.3617,0.9236,0,1.0674,0,0,1]},
{"frame":119,"values":[0.9632,0.2365,0.1276,0,-0.2678,0.8841,0.383,0,-0.0222,-0.4031,0.9149,0,1.0674,0,0,1]},
{"frame":120,"values":[0.9487,0.1725,0.2651,0,-0.2678,0.8841,0.383,0,-0.1683,-0.4344,0.8849,0,1.0674,0,0,1]},
{"frame":121,"values":[0.9579,0.2017,0.2043,0,-0.2678,0.8841,0.383,0,-0.1034,-0.4216,0.9009,0,1.0674,0,0,1]},
{"frame":122,"values":[0.9627,0.2299,0.1424,0,-0.2678,0.8841,0.383,0,-0.0379,-0.4069,0.9127,0,1.0674,0,0,1]},
{"frame":123,"values":[0.9631,0.2571,0.08,0,-0.2678,0.8841,0.383,0,0.0277,-0.3903,0.9203,0,1.0674,0,0,1]},
{"frame":124,"values":[0.9635,0.2472,0.103,0,-0.2678,0.8841,0.383,0,0.0036,-0.3966,0.918,0,1.0674,0,0,1]},
{"frame":125,"values":[0.9633,0.2372,0.126,0,-0.2678,0.8841,0.383,0,-0.0205,-0.4027,0.9151,0,1.0674,0,0,1]},
{"frame":126,"values":[0.9624,0.227,0.1489,0,-0.2678,0.8841,0.383,0,-0.0447,-0.4085,0.9117,0,1.0674,0,0,1]},
{"frame":127,"values":[0.961,0.2167,0.1717,0,-0.2678,0.8841,0.383,0,-0.0688,-0.4141,0.9076,0,1.0674,0,0,1]},
{"frame":128,"values":[0.959,0.2063,0.1944,0,-0.2678,0.8841,0.383,0,-0.0929,-0.4194,0.9031,0,1.0674,0,0,1]},
{"frame":129,"values":[0.9564,0.1957,0.217,0,-0.2678,0.8841,0.383,0,-0.1169,-0.4244,0.8979,0,1.0674,0,0,1]},
{"frame":130,"values":[0.9531,0.185,0.2394,0,-0.2678,0.8841,0.383,0,-0.1408,-0.4292,0.8922,0,1.0674,0,0,1]},
{"frame":131,"values":[0.9493,0.1742,0.2617,0,-0.2678,0.8841,0.383,0,-0.1646,-0.4337,0.8859,0,1.0674,0,0,1]}],"loopBehavior":1,"name":"anim","property":"_matrix"}},
{"name":"joint3","index":2,"matrix":[0.7624,0.0075,-0.6471,0,-0.0098,1,0,0,0.6471,0.0063,0.7624,0,1.165,0,0,1],"rest":[1,0.0098,0,0,-0.0098,1,0,0,0,0,1,0,1.165,0,0,1],"parentBoneIndex":1,"length":1.4232
,"animation":{"dataType":3,"framePerSecond":30,"keys":[
{"frame":2,"values":[0.4792,0.0047,-0.8777,0,-0.0098,1,0,0,0.8776,0.0086,0.4793,0,1.165,0,0,1]},
{"frame":3,"values":[0.5271,0.0052,-0.8498,0,-0.0098,1,0,0,0.8497,0.0083,0.5272,0,1.165,0,0,1]},
{"frame":4,"values":[0.5737,0.0056,-0.8191,0,-0.0098,1,0,0,0.819,0.008,0.5737,0,1.165,0,0,1]},
{"frame":5,"values":[0.6186,0.0061,-0.7857,0,-0.0098,1,0,0,0.7856,0.0077,0.6187,0,1.165,0,0,1]},
{"frame":6,"values":[0.6617,0.0065,-0.7497,0,-0.0098,1,0,0,0.7497,0.0073,0.6617,0,1.165,0,0,1]},
{"frame":7,"values":[0.7028,0.0069,-0.7114,0,-0.0098,1,0,0,0.7114,0.007,0.7028,0,1.165,0,0,1]},
{"frame":8,"values":[0.7416,0.0073,-0.6709,0,-0.0098,1,0,0,0.6708,0.0066,0.7416,0,1.165,0,0,1]},
{"frame":9,"values":[0.7779,0.0076,-0.6283,0,-0.0098,1,0,0,0.6283,0.0062,0.778,0,1.165,0,0,1]},
{"frame":10,"values":[0.8117,0.008,-0.584,0,-0.0098,1,0,0,0.5839,0.0057,0.8118,0,1.165,0,0,1]},
{"frame":11,"values":[0.8429,0.0083,-0.5381,0,-0.0098,1,0,0,0.538,0.0053,0.8429,0,1.165,0,0,1]},
{"frame":12,"values":[0.8066,0.0079,-0.5911,0,-0.0098,1,0,0,0.5911,0.0058,0.8066,0,1.165,0,0,1]},
{"frame":13,"values":[0.7666,0.0075,-0.6421,0,-0.0098,1,0,0,0.642,0.0063,0.7666,0,1.165,0,0,1]},
{"frame":14,"values":[0.7231,0.0071,-0.6907,0,-0.0098,1,0,0,0.6906,0.0068,0.7232,0,1.165,0,0,1]},
{"frame":15,"values":[0.6764,0.0066,-0.7365,0,-0.0098,1,0,0,0.7365,0.0072,0.6764,0,1.165,0,0,1]},
{"frame":16,"values":[0.6266,0.0061,-0.7793,0,-0.0098,1,0,0,0.7793,0.0076,0.6266,0,1.165,0,0,1]},
{"frame":17,"values":[0.5741,0.0056,-0.8187,0,-0.0098,1,0,0,0.8187,0.008,0.5742,0,1.165,0,0,1]},
{"frame":18,"values":[0.5193,0.0051,-0.8546,0,-0.0098,1,0,0,0.8545,0.0084,0.5193,0,1.165,0,0,1]},
{"frame":19,"values":[0.4625,0.0045,-0.8866,0,-0.0098,1,0,0,0.8866,0.0087,0.4625,0,1.165,0,0,1]},
{"frame":20,"values":[0.4041,0.004,-0.9147,0,-0.0098,1,0,0,0.9146,0.009,0.4042,0,1.165,0,0,1]},
{"frame":21,"values":[0.3446,0.0034,-0.9388,0,-0.0098,1,0,0,0.9387,0.0092,0.3446,0,1.165,0,0,1]},
{"frame":22,"values":[0.3714,0.0036,-0.9285,0,-0.0098,1,0,0,0.9284,0.0091,0.3714,0,1.165,0,0,1]},
{"frame":23,"values":[0.3982,0.0039,-0.9173,0,-0.0098,1,0,0,0.9173,0.009,0.3982,0,1.165,0,0,1]},
{"frame":24,"values":[0.4248,0.0042,-0.9053,0,-0.0098,1,0,0,0.9052,0.0089,0.4248,0,1.165,0,0,1]},
{"frame":25,"values":[0.4513,0.0044,-0.8924,0,-0.0098,1,0,0,0.8923,0.0087,0.4513,0,1.165,0,0,1]},
{"frame":26,"values":[0.4776,0.0047,-0.8786,0,-0.0098,1,0,0,0.8785,0.0086,0.4776,0,1.165,0,0,1]},
{"frame":27,"values":[0.5037,0.0049,-0.8639,0,-0.0098,1,0,0,0.8639,0.0085,0.5037,0,1.165,0,0,1]},
{"frame":28,"values":[0.5294,0.0052,-0.8483,0,-0.0098,1,0,0,0.8483,0.0083,0.5294,0,1.165,0,0,1]},
{"frame":29,"values":[0.5549,0.0054,-0.8319,0,-0.0098,1,0,0,0.8319,0.0082,0.5549,0,1.165,0,0,1]},
{"frame":30,"values":[0.5799,0.0057,-0.8146,0,-0.0098,1,0,0,0.8146,0.008,0.58,0,1.165,0,0,1]},
{"frame":31,"values":[0.6046,0.0059,-0.7965,0,-0.0098,1,0,0,0.7965,0.0078,0.6046,0,1.165,0,0,1]},
{"frame":32,"values":[0.6288,0.0062,-0.7775,0,-0.0098,1,0,0,0.7775,0.0076,0.6289,0,1.165,0,0,1]},
{"frame":33,"values":[0.6525,0.0064,-0.7577,0,-0.0098,1,0,0,0.7577,0.0074,0.6526,0,1.165,0,0,1]},
{"frame":34,"values":[0.6757,0.0066,-0.7371,0,-0.0098,1,0,0,0.7371,0.0072,0.6758,0,1.165,0,0,1]},
{"frame":35,"values":[0.6983,0.0068,-0.7157,0,-0.0098,1,0,0,0.7157,0.007,0.6984,0,1.165,0,0,1]},
{"frame":36,"values":[0.7203,0.0071,-0.6936,0,-0.0098,1,0,0,0.6935,0.0068,0.7204,0,1.165,0,0,1]},
{"frame":37,"values":[0.7417,0.0073,-0.6707,0,-0.0098,1,0,0,0.6707,0.0066,0.7417,0,1.165,0,0,1]},
{"frame":38,"values":[0.7624,0.0075,-0.6471,0,-0.0098,1,0,0,0.6471,0.0063,0.7624,0,1.165,0,0,1]},
{"frame":39,"values":[0.7823,0.0077,-0.6229,0,-0.0098,1,0,0,0.6228,0.0061,0.7823,0,1.165,0,0,1]},
{"frame":40,"values":[0.8015,0.0079,-0.598,0,-0.0098,1,0,0,0.5979,0.0059,0.8015,0,1.165,0,0,1]},
{"frame":41,"values":[0.8199,0.008,-0.5725,0,-0.0098,1,0,0,0.5724,0.0056,0.8199,0,1.165,0,0,1]},
{"frame":42,"values":[0.8375,0.0082,-0.5464,0,-0.0098,1,0,0,0.5464,0.0054,0.8375,0,1.165,0,0,1]},
{"frame":43,"values":[0.8543,0.0084,-0.5198,0,-0.0098,1,0,0,0.5198,0.0051,0.8543,0,1.165,0,0,1]},
{"frame":44,"values":[0.8702,0.0085,-0.4927,0,-0.0098,1,0,0,0.4927,0.0048,0.8702,0,1.165,0,0,1]},
{"frame":45,"values":[0.8852,0.0087,-0.4652,0,-0.0098,1,0,0,0.4652,0.0046,0.8852,0,1.165,0,0,1]},
{"frame":46,"values":[0.8993,0.0088,-0.4373,0,-0.0098,1,0,0,0.4372,0.0043,0.8993,0,1.165,0,0,1]},
{"frame":47,"values":[0.9125,0.0089,-0.409,0,-0.0098,1,0,0,0.409,0.004,0.9125,0,1.165,0,0,1]},
{"frame":48,"values":[0.9248,0.0091,-0.3804,0,-0.0098,1,0,0,0.3804,0.0037,0.9248,0,1.165,0,0,1]},
{"frame":49,"values":[0.9361,0.0092,-0.3515,0,-0.0098,1,0,0,0.3515,0.0034,0.9362,0,1.165,0,0,1]},
{"frame":50,"values":[0.9466,0.0093,-0.3224,0,-0.0098,1,0,0,0.3224,0.0032,0.9466,0,1.165,0,0,1]},
{"frame":51,"values":[0.956,0.0094,-0.2931,0,-0.0098,1,0,0,0.2931,0.0029,0.9561,0,1.165,0,0,1]},
{"frame":52,"values":[0.9646,0.0095,-0.2637,0,-0.0098,1,0,0,0.2637,0.0026,0.9646,0,1.165,0,0,1]},
{"frame":53,"values":[0.9721,0.0095,-0.2342,0,-0.0098,1,0,0,0.2342,0.0023,0.9722,0,1.165,0,0,1]},
{"frame":54,"values":[0.9788,0.0096,-0.2047,0,-0.0098,1,0,0,0.2047,0.002,0.9788,0,1.165,0,0,1]},
{"frame":55,"values":[0.9845,0.0097,-0.1751,0,-0.0098,1,0,0,0.1751,0.0017,0.9845,0,1.165,0,0,1]},
{"frame":56,"values":[0.9893,0.0097,-0.1456,0,-0.0098,1,0,0,0.1456,0.0014,0.9893,0,1.165,0,0,1]},
{"frame":57,"values":[0.9932,0.0097,-0.1162,0,-0.0098,1,0,0,0.1162,0.0011,0.9932,0,1.165,0,0,1]},
{"frame":58,"values":[0.9962,0.0098,-0.0869,0,-0.0098,1,0,0,0.0869,0.0009,0.9962,0,1.165,0,0,1]},
{"frame":59,"values":[0.9983,0.0098,-0.0577,0,-0.0098,1,0,0,0.0577,0.0006,0.9983,0,1.165,0,0,1]},
{"frame":60,"values":[0.9995,0.0098,-0.0287,0,-0.0098,1,0,0,0.0287,0.0003,0.9996,0,1.165,0,0,1]},
{"frame":61,"values":[1,0.0098,0,0,-0.0098,1,0,0,0,0,1,0,1.165,0,0,1]},
{"frame":72,"values":[0.4792,0.0047,-0.8777,0,-0.0098,1,0,0,0.8776,0.0086,0.4793,0,1.165,0,0,1]},
{"frame":73,"values":[0.5271,0.0052,-0.8498,0,-0.0098,1,0,0,0.8497,0.0083,0.5272,0,1.165,0,0,1]},
{"frame":74,"values":[0.5737,0.0056,-0.8191,0,-0.0098,1,0,0,0.819,0.008,0.5737,0,1.165,0,0,1]},
{"frame":75,"values":[0.6186,0.0061,-0.7857,0,-0.0098,1,0,0,0.7856,0.0077,0.6187,0,1.165,0,0,1]},
{"frame":76,"values":[0.6617,0.0065,-0.7497,0,-0.0098,1,0,0,0.7497,0.0073,0.6617,0,1.165,0,0,1]},
{"frame":77,"values":[0.7028,0.0069,-0.7114,0,-0.0098,1,0,0,0.7114,0.007,0.7028,0,1.165,0,0,1]},
{"frame":78,"values":[0.7416,0.0073,-0.6709,0,-0.0098,1,0,0,0.6708,0.0066,0.7416,0,1.165,0,0,1]},
{"frame":79,"values":[0.7779,0.0076,-0.6283,0,-0.0098,1,0,0,0.6283,0.0062,0.778,0,1.165,0,0,1]},
{"frame":80,"values":[0.8117,0.008,-0.584,0,-0.0098,1,0,0,0.5839,0.0057,0.8118,0,1.165,0,0,1]},
{"frame":81,"values":[0.8429,0.0083,-0.5381,0,-0.0098,1,0,0,0.538,0.0053,0.8429,0,1.165,0,0,1]},
{"frame":82,"values":[0.8066,0.0079,-0.5911,0,-0.0098,1,0,0,0.5911,0.0058,0.8066,0,1.165,0,0,1]},
{"frame":83,"values":[0.7666,0.0075,-0.6421,0,-0.0098,1,0,0,0.642,0.0063,0.7666,0,1.165,0,0,1]},
{"frame":84,"values":[0.7231,0.0071,-0.6907,0,-0.0098,1,0,0,0.6906,0.0068,0.7232,0,1.165,0,0,1]},
{"frame":85,"values":[0.6764,0.0066,-0.7365,0,-0.0098,1,0,0,0.7365,0.0072,0.6764,0,1.165,0,0,1]},
{"frame":86,"values":[0.6266,0.0061,-0.7793,0,-0.0098,1,0,0,0.7793,0.0076,0.6266,0,1.165,0,0,1]},
{"frame":87,"values":[0.5741,0.0056,-0.8187,0,-0.0098,1,0,0,0.8187,0.008,0.5742,0,1.165,0,0,1]},
{"frame":88,"values":[0.5193,0.0051,-0.8546,0,-0.0098,1,0,0,0.8545,0.0084,0.5193,0,1.165,0,0,1]},
{"frame":89,"values":[0.4625,0.0045,-0.8866,0,-0.0098,1,0,0,0.8866,0.0087,0.4625,0,1.165,0,0,1]},
{"frame":90,"values":[0.4041,0.004,-0.9147,0,-0.0098,1,0,0,0.9146,0.009,0.4042,0,1.165,0,0,1]},
{"frame":91,"values":[0.3446,0.0034,-0.9388,0,-0.0098,1,0,0,0.9387,0.0092,0.3446,0,1.165,0,0,1]},
{"frame":92,"values":[0.3714,0.0036,-0.9285,0,-0.0098,1,0,0,0.9284,0.0091,0.3714,0,1.165,0,0,1]},
{"frame":93,"values":[0.3982,0.0039,-0.9173,0,-0.0098,1,0,0,0.9173,0.009,0.3982,0,1.165,0,0,1]},
{"frame":94,"values":[0.4248,0.0042,-0.9053,0,-0.0098,1,0,0,0.9052,0.0089,0.4248,0,1.165,0,0,1]},
{"frame":95,"values":[0.4513,0.0044,-0.8924,0,-0.0098,1,0,0,0.8923,0.0087,0.4513,0,1.165,0,0,1]},
{"frame":96,"values":[0.4776,0.0047,-0.8786,0,-0.0098,1,0,0,0.8785,0.0086,0.4776,0,1.165,0,0,1]},
{"frame":97,"values":[0.5037,0.0049,-0.8639,0,-0.0098,1,0,0,0.8639,0.0085,0.5037,0,1.165,0,0,1]},
{"frame":98,"values":[0.5294,0.0052,-0.8483,0,-0.0098,1,0,0,0.8483,0.0083,0.5294,0,1.165,0,0,1]},
{"frame":99,"values":[0.5549,0.0054,-0.8319,0,-0.0098,1,0,0,0.8319,0.0082,0.5549,0,1.165,0,0,1]},
{"frame":100,"values":[0.5799,0.0057,-0.8146,0,-0.0098,1,0,0,0.8146,0.008,0.58,0,1.165,0,0,1]},
{"frame":101,"values":[0.6046,0.0059,-0.7965,0,-0.0098,1,0,0,0.7965,0.0078,0.6046,0,1.165,0,0,1]},
{"frame":102,"values":[0.6288,0.0062,-0.7775,0,-0.0098,1,0,0,0.7775,0.0076,0.6289,0,1.165,0,0,1]},
{"frame":103,"values":[0.6525,0.0064,-0.7577,0,-0.0098,1,0,0,0.7577,0.0074,0.6526,0,1.165,0,0,1]},
{"frame":104,"values":[0.6757,0.0066,-0.7371,0,-0.0098,1,0,0,0.7371,0.0072,0.6758,0,1.165,0,0,1]},
{"frame":105,"values":[0.6983,0.0068,-0.7157,0,-0.0098,1,0,0,0.7157,0.007,0.6984,0,1.165,0,0,1]},
{"frame":106,"values":[0.7203,0.0071,-0.6936,0,-0.0098,1,0,0,0.6935,0.0068,0.7204,0,1.165,0,0,1]},
{"frame":107,"values":[0.7417,0.0073,-0.6707,0,-0.0098,1,0,0,0.6707,0.0066,0.7417,0,1.165,0,0,1]},
{"frame":108,"values":[0.7624,0.0075,-0.6471,0,-0.0098,1,0,0,0.6471,0.0063,0.7624,0,1.165,0,0,1]},
{"frame":109,"values":[0.7823,0.0077,-0.6229,0,-0.0098,1,0,0,0.6228,0.0061,0.7823,0,1.165,0,0,1]},
{"frame":110,"values":[0.8015,0.0079,-0.598,0,-0.0098,1,0,0,0.5979,0.0059,0.8015,0,1.165,0,0,1]},
{"frame":111,"values":[0.8199,0.008,-0.5725,0,-0.0098,1,0,0,0.5724,0.0056,0.8199,0,1.165,0,0,1]},
{"frame":112,"values":[0.8375,0.0082,-0.5464,0,-0.0098,1,0,0,0.5464,0.0054,0.8375,0,1.165,0,0,1]},
{"frame":113,"values":[0.8543,0.0084,-0.5198,0,-0.0098,1,0,0,0.5198,0.0051,0.8543,0,1.165,0,0,1]},
{"frame":114,"values":[0.8702,0.0085,-0.4927,0,-0.0098,1,0,0,0.4927,0.0048,0.8702,0,1.165,0,0,1]},
{"frame":115,"values":[0.8852,0.0087,-0.4652,0,-0.0098,1,0,0,0.4652,0.0046,0.8852,0,1.165,0,0,1]},
{"frame":116,"values":[0.8993,0.0088,-0.4373,0,-0.0098,1,0,0,0.4372,0.0043,0.8993,0,1.165,0,0,1]},
{"frame":117,"values":[0.9125,0.0089,-0.409,0,-0.0098,1,0,0,0.409,0.004,0.9125,0,1.165,0,0,1]},
{"frame":118,"values":[0.9248,0.0091,-0.3804,0,-0.0098,1,0,0,0.3804,0.0037,0.9248,0,1.165,0,0,1]},
{"frame":119,"values":[0.9361,0.0092,-0.3515,0,-0.0098,1,0,0,0.3515,0.0034,0.9362,0,1.165,0,0,1]},
{"frame":120,"values":[0.9466,0.0093,-0.3224,0,-0.0098,1,0,0,0.3224,0.0032,0.9466,0,1.165,0,0,1]},
{"frame":121,"values":[0.956,0.0094,-0.2931,0,-0.0098,1,0,0,0.2931,0.0029,0.9561,0,1.165,0,0,1]},
{"frame":122,"values":[0.9646,0.0095,-0.2637,0,-0.0098,1,0,0,0.2637,0.0026,0.9646,0,1.165,0,0,1]},
{"frame":123,"values":[0.9721,0.0095,-0.2342,0,-0.0098,1,0,0,0.2342,0.0023,0.9722,0,1.165,0,0,1]},
{"frame":124,"values":[0.9788,0.0096,-0.2047,0,-0.0098,1,0,0,0.2047,0.002,0.9788,0,1.165,0,0,1]},
{"frame":125,"values":[0.9845,0.0097,-0.1751,0,-0.0098,1,0,0,0.1751,0.0017,0.9845,0,1.165,0,0,1]},
{"frame":126,"values":[0.9893,0.0097,-0.1456,0,-0.0098,1,0,0,0.1456,0.0014,0.9893,0,1.165,0,0,1]},
{"frame":127,"values":[0.9932,0.0097,-0.1162,0,-0.0098,1,0,0,0.1162,0.0011,0.9932,0,1.165,0,0,1]},
{"frame":128,"values":[0.9962,0.0098,-0.0869,0,-0.0098,1,0,0,0.0869,0.0009,0.9962,0,1.165,0,0,1]},
{"frame":129,"values":[0.9983,0.0098,-0.0577,0,-0.0098,1,0,0,0.0577,0.0006,0.9983,0,1.165,0,0,1]},
{"frame":130,"values":[0.9995,0.0098,-0.0287,0,-0.0098,1,0,0,0.0287,0.0003,0.9996,0,1.165,0,0,1]},
{"frame":131,"values":[1,0.0098,0,0,-0.0098,1,0,0,0,0,1,0,1.165,0,0,1]}],"loopBehavior":1,"name":"anim","property":"_matrix"}},
{"name":"joint4","index":3,"matrix":[-1,0.0098,0,0,0.0098,1,0,0,0,0,-1,0,1.4232,0,0,1],"rest":[-1,0.0098,0,0,0.0098,1,0,0,0,0,-1,0,1.4232,0,0,1],"parentBoneIndex":2,"length":1.4232
,"animation":{"dataType":3,"framePerSecond":30,"keys":[
{"frame":2,"values":[-1,0.0098,0,0,0.0098,1,0,0,0,0,-1,0,1.4232,0,0,1]},
{"frame":61,"values":[-1,0.0098,0,0,0.0098,1,0,0,0,0,-1,0,1.4232,0,0,1]},
{"frame":72,"values":[-1,0.0098,0,0,0.0098,1,0,0,0,0,-1,0,1.4232,0,0,1]},
{"frame":131,"values":[-1,0.0098,0,0,0.0098,1,0,0,0,0,-1,0,1.4232,0,0,1]}],"loopBehavior":1,"name":"anim","property":"_matrix"}},
{"name":"joint5","index":4,"matrix":[-0.5633,0.4328,-0.7039,0,0.2094,0.8988,0.3851,0,0.7993,0.0695,-0.5969,0,-1.0532,0.0348,0,1],"rest":[-1,-0.0054,0,0,-0.0054,1,0,0,0,0,-1,0,-1.0532,0.0348,0,1],"parentBoneIndex":0,"length":1.1651
,"animation":{"dataType":3,"framePerSecond":30,"keys":[
{"frame":2,"values":[-0.4862,-0.0026,-0.8738,0,-0.0054,1,0,0,0.8738,0.0048,-0.4862,0,-1.0532,0.0348,0,1]},
{"frame":3,"values":[-0.4854,0.0684,-0.8716,0,0.0291,0.9976,0.0621,0,0.8738,0.0048,-0.4862,0,-1.0532,0.0348,0,1]},
{"frame":4,"values":[-0.482,0.1398,-0.8649,0,0.0639,0.9902,0.1245,0,0.8738,0.0048,-0.4862,0,-1.0532,0.0348,0,1]},
{"frame":5,"values":[-0.4761,0.2109,-0.8537,0,0.0985,0.9775,0.1866,0,0.8738,0.0048,-0.4862,0,-1.0532,0.0348,0,1]},
{"frame":6,"values":[-0.4678,0.2812,-0.8379,0,0.1328,0.9596,0.248,0,0.8738,0.0048,-0.4862,0,-1.0532,0.0348,0,1]},
{"frame":7,"values":[-0.4569,0.3501,-0.8177,0,0.1663,0.9367,0.3081,0,0.8738,0.0048,-0.4862,0,-1.0532,0.0348,0,1]},
{"frame":8,"values":[-0.4436,0.4171,-0.7932,0,0.199,0.9088,0.3666,0,0.8738,0.0048,-0.4862,0,-1.0532,0.0348,0,1]},
{"frame":9,"values":[-0.4281,0.4816,-0.7647,0,0.2305,0.8764,0.4229,0,0.8738,0.0048,-0.4862,0,-1.0532,0.0348,0,1]},
{"frame":10,"values":[-0.4105,0.5432,-0.7324,0,0.2606,0.8396,0.4767,0,0.8738,0.0048,-0.4862,0,-1.0532,0.0348,0,1]},
{"frame":11,"values":[-0.3909,0.6015,-0.6967,0,0.2892,0.7988,0.5275,0,0.8738,0.0048,-0.4862,0,-1.0532,0.0348,0,1]},
{"frame":12,"values":[-0.4279,0.5879,-0.6865,0,0.2852,0.8086,0.5147,0,0.8577,0.0244,-0.5136,0,-1.0532,0.0348,0,1]},
{"frame":13,"values":[-0.4643,0.5733,-0.6751,0,0.2805,0.8182,0.5019,0,0.8401,0.0436,-0.5407,0,-1.0532,0.0348,0,1]},
{"frame":14,"values":[-0.5,0.5578,-0.6625,0,0.2752,0.8277,0.4891,0,0.8211,0.0623,-0.5673,0,-1.0532,0.0348,0,1]},
{"frame":15,"values":[-0.5349,0.5414,-0.6486,0,0.2692,0.8369,0.4765,0,0.8009,0.0803,-0.5934,0,-1.0532,0.0348,0,1]},
{"frame":16,"values":[-0.569,0.5242,-0.6336,0,0.2626,0.846,0.4641,0,0.7793,0.0977,-0.619,0,-1.0532,0.0348,0,1]},
{"frame":17,"values":[-0.6022,0.5062,-0.6174,0,0.2553,0.8548,0.4518,0,0.7564,0.1144,-0.644,0,-1.0532,0.0348,0,1]},
{"frame":18,"values":[-0.6343,0.4875,-0.6001,0,0.2475,0.8634,0.4397,0,0.7324,0.1304,-0.6683,0,-1.0532,0.0348,0,1]},
{"frame":19,"values":[-0.6653,0.468,-0.5817,0,0.2391,0.8716,0.4279,0,0.7073,0.1456,-0.6918,0,-1.0532,0.0348,0,1]},
