{"producer":{"name":"Blender","version":"2.78 (sub 0)","exporter_version":"4.6.1","file":"MonkeyRun.babylon"},
"autoClear":true,"clearColor":[0.0509,0.0509,0.0509],"ambientColor":[0,0,0],"gravity":[0,-9.81,0],
"materials":[{"name":"MonkeyRun.phong1","id":"MonkeyRun.phong1","ambient":[1,1,1],"diffuse":[1,1,1],"specular":[0,0,0],"emissive":[0.1,0.1,0.1],"specularPower":1,"alpha":1,"backFaceCulling":true,"checkReadyOnlyOnce":false, 
"diffuseTexture":{"name":"Monkey1.png","level":1,"hasAlpha":1,"coordinatesMode":0,"uOffset":0,"vOffset":0,"uScale":1,"vScale":1,"uAng":0,"vAng":0,"wAng":0,"wrapU":1,"wrapV":1,"coordinatesIndex":0}}],
"multiMaterials":[],
"skeletons":[{"name":"Armature","id":0,"dimensionsAtRest":[5.8404,7.5813,0.3367],"bones":[
{"name":"joint1","index":0,"matrix":[-0.4,0.0026,0,0,0.0026,0.4,0,0,0,0,0.4,0,0.0101,3.9678,0,1],"rest":[-0.4,0.0026,0,0,0.0026,0.4,0,0,0,0,0.4,0,0.0101,3.9779,0,1],"parentBoneIndex":-1,"length":2.7909
,"animation":{"dataType":3,"framePerSecond":30,"keys":[
{"frame":1,"values":[-0.4,0.0026,0,0,0.0026,0.4,0,0,0,0,0.4,0,0.0101,4.0855,0,1]},
{"frame":2,"values":[-0.4,0.0026,0,0,0.0026,0.4,0,0,0,0,0.4,0,0.0101,4.0788,0,1]},
{"frame":3,"values":[-0.4,0.0026,0,0,0.0026,0.4,0,0,0,0,0.4,0,0.0101,4.0375,0,1]},
{"frame":4,"values":[-0.4,0.0026,0,0,0.0026,0.4,0,0,0,0,0.4,0,0.0101,3.9878,0,1]},
{"frame":5,"values":[-0.4,0.0026,0,0,0.0026,0.4,0,0,0,0,0.4,0,0.0101,3.9636,0,1]},
{"frame":6,"values":[-0.4,0.0026,0,0,0.0026,0.4,0,0,0,0,0.4,0,0.0101,3.9878,0,1]},
{"frame":7,"values":[-0.4,0.0026,0,0,0.0026,0.4,0,0,0,0,0.4,0,0.0101,4.0375,0,1]},
{"frame":8,"values":[-0.4,0.0026,0,0,0.0026,0.4,0,0,0,0,0.4,0,0.0101,4.0788,0,1]},
{"frame":9,"values":[-0.4,0.0026,0,0,0.0026,0.4,0,0,0,0,0.4,0,0.0101,4.0765,0,1]},
{"frame":10,"values":[-0.4,0.0026,0,0,0.0026,0.4,0,0,0,0,0.4,0,0.0101,4.0246,0,1]},
{"frame":11,"values":[-0.4,0.0026,0,0,0.0026,0.4,0,0,0,0,0.4,0,0.0101,3.9726,0,1]},
{"frame":12,"values":[-0.4,0.0026,0,0,0.0026,0.4,0,0,0,0,0.4,0,0.0101,3.9636,0,1]},
{"frame":13,"values":[-0.4,0.0026,0,0,0.0026,0.4,0,0,0,0,0.4,0,0.0101,3.9678,0,1]},
{"frame":14,"values":[-0.4,0.0026,0,0,0.0026,0.4,0,0,0,0,0.4,0,0.0101,3.9952,0,1]},
{"frame":15,"values":[-0.4,0.0026,0,0,0.0026,0.4,0,0,0,0,0.4,0,0.0101,4.0347,0,1]},
{"frame":16,"values":[-0.4,0.0026,0,0,0.0026,0.4,0,0,0,0,0.4,0,0.0101,4.0701,0,1]},
{"frame":17,"values":[-0.4,0.0026,0,0,0.0026,0.4,0,0,0,0,0.4,0,0.0101,4.0855,0,1]}],"loopBehavior":1,"name":"anim","property":"_matrix"}},
{"name":"joint2","index":1,"matrix":[1,-0.0065,0,0,0.0065,0.9997,0.0233,0,-0.0002,-0.0233,0.9997,0,2.6684,0,0,1],"rest":[1,-0.0065,0,0,0.0065,1,0,0,0,0,1,0,2.6684,0,0,1],"parentBoneIndex":0,"length":2.9125
,"animation":{"dataType":3,"framePerSecond":30,"keys":[
{"frame":1,"values":[1,-0.0065,0,0,0.0065,0.9956,-0.0935,0,0.0006,0.0935,0.9956,0,2.6684,0,0,1]},
{"frame":2,"values":[1,-0.0065,0,0,0.0065,0.9979,-0.0644,0,0.0004,0.0644,0.9979,0,2.6684,0,0,1]},
{"frame":3,"values":[1,-0.0065,0,0,0.0065,0.9994,-0.0352,0,0.0002,0.0352,0.9994,0,2.6684,0,0,1]},
{"frame":4,"values":[1,-0.0065,0,0,0.0065,1,-0.0059,0,0,0.0059,1,0,2.6684,0,0,1]},
{"frame":5,"values":[1,-0.0065,0,0,0.0065,0.9997,0.0233,0,-0.0002,-0.0233,0.9997,0,2.6684,0,0,1]},
{"frame":6,"values":[1,-0.0065,0,0,0.0065,0.9986,0.0526,0,-0.0003,-0.0526,0.9986,0,2.6684,0,0,1]},
{"frame":7,"values":[1,-0.0065,0,0,0.0065,0.9966,0.0818,0,-0.0005,-0.0818,0.9967,0,2.6684,0,0,1]},
{"frame":8,"values":[1,-0.0065,0,0,0.0065,0.9938,0.1109,0,-0.0007,-0.1109,0.9938,0,2.6684,0,0,1]},
{"frame":9,"values":[1,-0.0065,0,0,0.0065,0.9902,0.1398,0,-0.0009,-0.1398,0.9902,0,2.6684,0,0,1]},
{"frame":10,"values":[1,-0.0065,0,0,0.0065,0.9938,0.1109,0,-0.0007,-0.1109,0.9938,0,2.6684,0,0,1]},
{"frame":11,"values":[1,-0.0065,0,0,0.0065,0.9966,0.0818,0,-0.0005,-0.0818,0.9967,0,2.6684,0,0,1]},
{"frame":12,"values":[1,-0.0065,0,0,0.0065,0.9986,0.0526,0,-0.0003,-0.0526,0.9986,0,2.6684,0,0,1]},
{"frame":13,"values":[1,-0.0065,0,0,0.0065,0.9997,0.0233,0,-0.0002,-0.0233,0.9997,0,2.6684,0,0,1]},
{"frame":14,"values":[1,-0.0065,0,0,0.0065,1,-0.0059,0,0,0.0059,1,0,2.6684,0,0,1]},
{"frame":15,"values":[1,-0.0065,0,0,0.0065,0.9994,-0.0352,0,0.0002,0.0352,0.9994,0,2.6684,0,0,1]},
{"frame":16,"values":[1,-0.0065,0,0,0.0065,0.9979,-0.0644,0,0.0004,0.0644,0.9979,0,2.6684,0,0,1]},
{"frame":17,"values":[1,-0.0065,0,0,0.0065,0.9956,-0.0935,0,0.0006,0.0935,0.9956,0,2.6684,0,0,1]}],"loopBehavior":1,"name":"anim","property":"_matrix"}},
{"name":"joint3","index":2,"matrix":[-0.1459,-0.9847,-0.0949,0,0.9892,-0.1466,0,0,-0.0139,-0.0938,0.9955,0,1.407,-2.7898,0,1],"rest":[1,0.0098,0,0,-0.0098,1,0,0,0,0,1,0,2.9125,0,0,1],"parentBoneIndex":1,"length":3.558
,"animation":{"dataType":3,"framePerSecond":30,"keys":[
{"frame":1,"values":[-0.1294,-0.8735,0.4694,0,0.9892,-0.1466,0,0,0.0688,0.4643,0.883,0,1.407,-2.7898,0,1]},
{"frame":2,"values":[-0.1378,-0.9298,0.3412,0,0.9892,-0.1466,0,0,0.05,0.3375,0.94,0,1.407,-2.7898,0,1]},
{"frame":3,"values":[-0.1436,-0.9689,0.2018,0,0.9892,-0.1466,0,0,0.0296,0.1996,0.9794,0,1.407,-2.7898,0,1]},
{"frame":4,"values":[-0.1464,-0.9877,0.0549,0,0.9892,-0.1466,0,0,0.008,0.0543,0.9985,0,1.407,-2.7898,0,1]},
{"frame":5,"values":[-0.1459,-0.9847,-0.0949,0,0.9892,-0.1466,0,0,-0.0139,-0.0938,0.9955,0,1.407,-2.7898,0,1]},
{"frame":6,"values":[-0.1422,-0.9597,-0.2425,0,0.9892,-0.1466,0,0,-0.0355,-0.2398,0.9702,0,1.407,-2.7898,0,1]},
{"frame":7,"values":[-0.1354,-0.9137,-0.3831,0,0.9892,-0.1466,0,0,-0.0562,-0.3789,0.9237,0,1.407,-2.7898,0,1]},
{"frame":8,"values":[-0.1259,-0.8494,-0.5125,0,0.9892,-0.1466,0,0,-0.0751,-0.507,0.8587,0,1.407,-2.7898,0,1]},
{"frame":9,"values":[-0.1141,-0.7701,-0.6277,0,0.9892,-0.1466,0,0,-0.092,-0.6209,0.7785,0,1.407,-2.7898,0,1]},
{"frame":10,"values":[-0.1259,-0.8494,-0.5125,0,0.9892,-0.1466,0,0,-0.0751,-0.507,0.8587,0,1.407,-2.7898,0,1]},
{"frame":11,"values":[-0.1354,-0.9137,-0.3831,0,0.9892,-0.1466,0,0,-0.0562,-0.3789,0.9237,0,1.407,-2.7898,0,1]},
{"frame":12,"values":[-0.1422,-0.9597,-0.2425,0,0.9892,-0.1466,0,0,-0.0355,-0.2398,0.9702,0,1.407,-2.7898,0,1]},
{"frame":13,"values":[-0.1459,-0.9847,-0.0949,0,0.9892,-0.1466,0,0,-0.0139,-0.0938,0.9955,0,1.407,-2.7898,0,1]},
{"frame":14,"values":[-0.1464,-0.9877,0.0549,0,0.9892,-0.1466,0,0,0.008,0.0543,0.9985,0,1.407,-2.7898,0,1]},
{"frame":15,"values":[-0.1436,-0.9689,0.2018,0,0.9892,-0.1466,0,0,0.0296,0.1996,0.9794,0,1.407,-2.7898,0,1]},
{"frame":16,"values":[-0.1378,-0.9298,0.3412,0,0.9892,-0.1466,0,0,0.05,0.3375,0.94,0,1.407,-2.7898,0,1]},
{"frame":17,"values":[-0.1294,-0.8735,0.4694,0,0.9892,-0.1466,0,0,0.0688,0.4643,0.883,0,1.407,-2.7898,0,1]}],"loopBehavior":1,"name":"anim","property":"_matrix"}},
{"name":"joint4","index":3,"matrix":[-1,0.0098,0,0,0.0098,1,0,0,0,0,-1,0,3.558,0,0,1],"rest":[-1,0.0098,0,0,0.0098,1,0,0,0,0,-1,0,3.558,0,0,1],"parentBoneIndex":2,"length":3.558
,"animation":{"dataType":3,"framePerSecond":30,"keys":[
{"frame":1,"values":[-1,0.0098,0,0,0.0098,1,0,0,0,0,-1,0,3.558,0,0,1]},
{"frame":17,"values":[-1,0.0098,0,0,0.0098,1,0,0,0,0,-1,0,3.558,0,0,1]}],"loopBehavior":1,"name":"anim","property":"_matrix"}},
{"name":"joint5","index":4,"matrix":[-1,-0.0054,0,0,-0.0054,1,0,0,0,0,-1,0,-2.633,0.087,0,1],"rest":[-1,-0.0054,0,0,-0.0054,1,0,0,0,0,-1,0,-2.633,0.087,0,1],"parentBoneIndex":0,"length":2.9127
,"animation":{"dataType":3,"framePerSecond":30,"keys":[
{"frame":1,"values":[-1,-0.0054,0,0,-0.0054,1,0,0,0,0,-1,0,-2.633,0.087,0,1]},
{"frame":17,"values":[-1,-0.0054,0,0,-0.0054,1,0,0,0,0,-1,0,-2.633,0.087,0,1]}],"loopBehavior":1,"name":"anim","property":"_matrix"}},
{"name":"joint6","index":5,"matrix":[0.1912,-0.9769,-0.0949,0,0.9814,0.1921,0,0,0.0182,-0.0931,0.9955,0,0.2907,-2.4164,0,1],"rest":[0.9996,0.0268,0,0,-0.0268,0.9996,0,0,0,0,1,0,2.9127,0,0,1],"parentBoneIndex":4,"length":3.5233
,"animation":{"dataType":3,"framePerSecond":30,"keys":[
{"frame":1,"values":[0.1696,-0.8665,0.4694,0,0.9814,0.1921,0,0,-0.0902,0.4606,0.883,0,0.2907,-2.4164,0,1]},
{"frame":2,"values":[0.1806,-0.9225,0.3412,0,0.9814,0.1921,0,0,-0.0655,0.3348,0.94,0,0.2907,-2.4164,0,1]},
{"frame":3,"values":[0.1882,-0.9612,0.2018,0,0.9814,0.1921,0,0,-0.0388,0.198,0.9794,0,0.2907,-2.4164,0,1]},
{"frame":4,"values":[0.1918,-0.9799,0.0549,0,0.9814,0.1921,0,0,-0.0105,0.0539,0.9985,0,0.2907,-2.4164,0,1]},
{"frame":5,"values":[0.1912,-0.9769,-0.0949,0,0.9814,0.1921,0,0,0.0182,-0.0931,0.9955,0,0.2907,-2.4164,0,1]},
{"frame":6,"values":[0.1864,-0.9521,-0.2425,0,0.9814,0.1921,0,0,0.0466,-0.2379,0.9702,0,0.2907,-2.4164,0,1]},
{"frame":7,"values":[0.1775,-0.9065,-0.3831,0,0.9814,0.1921,0,0,0.0736,-0.3759,0.9237,0,0.2907,-2.4164,0,1]},
{"frame":8,"values":[0.165,-0.8427,-0.5125,0,0.9814,0.1921,0,0,0.0985,-0.503,0.8587,0,0.2907,-2.4164,0,1]},
{"frame":9,"values":[0.1495,-0.764,-0.6277,0,0.9814,0.1921,0,0,0.1206,-0.616,0.7785,0,0.2907,-2.4164,0,1]},
{"frame":10,"values":[0.165,-0.8427,-0.5125,0,0.9814,0.1921,0,0,0.0985,-0.503,0.8587,0,0.2907,-2.4164,0,1]},
{"frame":11,"values":[0.1775,-0.9065,-0.3831,0,0.9814,0.1921,0,0,0.0736,-0.3759,0.9237,0,0.2907,-2.4164,0,1]},
{"frame":12,"values":[0.1864,-0.9521,-0.2425,0,0.9814,0.1921,0,0,0.0466,-0.2379,0.9702,0,0.2907,-2.4164,0,1]},
{"frame":13,"values":[0.1912,-0.9769,-0.0949,0,0.9814,0.1921,0,0,0.0182,-0.0931,0.9955,0,0.2907,-2.4164,0,1]},
{"frame":14,"values":[0.1918,-0.9799,0.0549,0,0.9814,0.1921,0,0,-0.0105,0.0539,0.9985,0,0.2907,-2.4164,0,1]},
{"frame":15,"values":[0.1882,-0.9612,0.2018,0,0.9814,0.1921,0,0,-0.0388,0.198,0.9794,0,0.2907,-2.4164,0,1]},
{"frame":16,"values":[0.1806,-0.9225,0.3412,0,0.9814,0.1921,0,0,-0.0655,0.3348,0.94,0,0.2907,-2.4164,0,1]},
{"frame":17,"values":[0.1696,-0.8665,0.4694,0,0.9814,0.1921,0,0,-0.0902,0.4606,0.883,0,0.2907,-2.4164,0,1]}],"loopBehavior":1,"name":"anim","property":"_matrix"}},
{"name":"joint7","index":6,"matrix":[-0.9998,0.0214,0,0,0.0214,0.9998,0,0,0,0,-1,0,3.5233,0,0,1],"rest":[-0.9998,0.0214,0,0,0.0214,0.9998,0,0,0,0,-1,0,3.5233,0,0,1],"parentBoneIndex":5,"length":3.5233
,"animation":{"dataType":3,"framePerSecond":30,"keys":[
{"frame":1,"values":[-0.9998,0.0214,0,0,0.0214,0.9998,0,0,0,0,-1,0,3.5233,0,0,1]},
{"frame":17,"values":[-0.9998,0.0214,0,0,0.0214,0.9998,0,0,0,0,-1,0,3.5233,0,0,1]}],"loopBehavior":1,"name":"anim","property":"_matrix"}},
{"name":"joint8","index":7,"matrix":[-0.0069,0.9994,-0.0351,0,1,0.0069,0,0,0.0002,-0.0351,-0.9994,0,0.0626,1.5692,0,1],"rest":[-0.0069,1,0,0,1,0.0069,0,0,0,0,-1,0,0.0626,1.5692,0,1],"parentBoneIndex":0,"length":3.907
,"animation":{"dataType":3,"framePerSecond":30,"keys":[
{"frame":1,"values":[-0.0069,1,0,0,1,0.0069,0,0,0,0,-1,0,0.0626,1.5692,0,1]},
{"frame":2,"values":[-0.0069,0.9997,-0.0237,0,1,0.0069,0,0,0.0002,-0.0237,-0.9997,0,0.0626,1.5692,0,1]},
{"frame":3,"values":[-0.0068,0.9989,-0.0474,0,1,0.0069,0,0,0.0003,-0.0474,-0.9989,0,0.0626,1.5692,0,1]},
{"frame":4,"values":[-0.0068,0.9975,-0.071,0,1,0.0069,0,0,0.0005,-0.071,-0.9975,0,0.0626,1.5693,0,1]},
{"frame":5,"values":[-0.0068,0.9984,-0.0568,0,1,0.0069,0,0,0.0004,-0.0568,-0.9984,0,0.0626,1.5692,0,1]},
{"frame":6,"values":[-0.0069,0.9991,-0.0426,0,1,0.0069,0,0,0.0003,-0.0426,-0.9991,0,0.0626,1.5693,0,1]},
{"frame":7,"values":[-0.0069,0.9996,-0.0284,0,1,0.0069,0,0,0.0002,-0.0284,-0.9996,0,0.0626,1.5692,0,1]},
{"frame":8,"values":[-0.0069,0.9999,-0.0142,0,1,0.0069,0,0,0.0001,-0.0142,-0.9999,0,0.0626,1.5692,0,1]},
{"frame":9,"values":[-0.0069,1,0,0,1,0.0069,0,0,0,0,-1,0,0.0626,1.5692,0,1]},
{"frame":10,"values":[-0.0069,0.9999,-0.0146,0,1,0.0069,0,0,0.0001,-0.0146,-0.9999,0,0.0626,1.5692,0,1]},
{"frame":11,"values":[-0.0069,0.9995,-0.0293,0,1,0.0069,0,0,0.0002,-0.0293,-0.9996,0,0.0626,1.5692,0,1]},
{"frame":12,"values":[-0.0068,0.999,-0.0439,0,1,0.0069,0,0,0.0003,-0.0439,-0.999,0,0.0626,1.5692,0,1]},
{"frame":13,"values":[-0.0069,0.9994,-0.0351,0,1,0.0069,0,0,0.0002,-0.0351,-0.9994,0,0.0626,1.5692,0,1]},
{"frame":14,"values":[-0.0069,0.9996,-0.0263,0,1,0.0069,0,0,0.0002,-0.0263,-0.9997,0,0.0626,1.5693,0,1]},
{"frame":15,"values":[-0.0069,0.9998,-0.0176,0,1,0.0069,0,0,0.0001,-0.0176,-0.9998,0,0.0626,1.5692,0,1]},
{"frame":16,"values":[-0.0069,0.9999,-0.0088,0,1,0.0069,0,0,0.0001,-0.0088,-1,0,0.0626,1.5692,0,1]},
{"frame":17,"values":[-0.0069,1,0,0,1,0.0069,0,0,0,0,-1,0,0.0626,1.5692,0,1]}],"loopBehavior":1,"name":"anim","property":"_matrix"}},
{"name":"joint9","index":8,"matrix":[-0.0069,1,0,0,1,0.0069,0,0,0,0,-1,0,3.907,0,0,1],"rest":[-0.0069,1,0,0,1,0.0069,0,0,0,0,-1,0,3.907,0,0,1],"parentBoneIndex":7,"length":3.907
,"animation":{"dataType":3,"framePerSecond":30,"keys":[
{"frame":1,"values":[-0.0069,1,0,0,1,0.0069,0,0,0,0,-1,0,3.907,0,0,1]},
{"frame":17,"values":[-0.0069,1,0,0,1,0.0069,0,0,0,0,-1,0,3.907,0,0,1]}],"loopBehavior":1,"name":"anim","property":"_matrix"}},
{"name":"joint10","index":9,"matrix":[0.8941,-0.4479,0,0,0.4479,0.8941,0,0,0,0,1,0,-0.0106,-4.2903,0,1],"rest":[0.8941,-0.4479,0,0,0.4479,0.8941,0,0,0,0,1,0,-0.0106,-4.2903,0,1],"parentBoneIndex":0,"length":2.1208
,"animation":{"dataType":3,"framePerSecond":30,"keys":[
{"frame":1,"values":[0.8941,-0.4479,0,0,0.4479,0.8941,0,0,0,0,1,0,-0.0106,-4.2903,0,1]},
{"frame":17,"values":[0.8941,-0.4479,0,0,0.4479,0.8941,0,0,0,0,1,0,-0.0106,-4.2903,0,1]}],"loopBehavior":1,"name":"anim","property":"_matrix"}},
{"name":"joint11","index":10,"matrix":[0.5068,-0.7513,-0.4227,0,0.829,0.5592,0,0,0.2364,-0.3504,0.9063,0,2.1085,0,0,1],"rest":[0.5592,-0.829,0,0,0.829,0.5592,0,0,0,0,1,0,2.1085,0,0,1],"parentBoneIndex":9,"length":0.781
,"animation":{"dataType":3,"framePerSecond":30,"keys":[
{"frame":1,"values":[0.3179,-0.4714,-0.8226,0,0.829,0.5592,0,0,0.46,-0.682,0.5686,0,2.1085,0,0,1]},
{"frame":2,"values":[0.3742,-0.5548,-0.7431,0,0.829,0.5592,0,0,0.4155,-0.6161,0.6692,0,2.1085,0,0,1]},
{"frame":3,"values":[0.4255,-0.6309,-0.6488,0,0.829,0.5592,0,0,0.3628,-0.5378,0.761,0,2.1085,0,0,1]},
{"frame":4,"values":[0.4702,-0.6972,-0.5411,0,0.829,0.5592,0,0,0.3026,-0.4486,0.8409,0,2.1085,0,0,1]},
{"frame":5,"values":[0.5068,-0.7513,-0.4227,0,0.829,0.5592,0,0,0.2364,-0.3504,0.9063,0,2.1085,0,0,1]},
{"frame":6,"values":[0.534,-0.7917,-0.2965,0,0.829,0.5592,0,0,0.1658,-0.2458,0.955,0,2.1085,0,0,1]},
{"frame":7,"values":[0.5514,-0.8175,-0.1661,0,0.829,0.5592,0,0,0.0929,-0.1377,0.9861,0,2.1085,0,0,1]},
{"frame":8,"values":[0.5589,-0.8285,-0.0352,0,0.829,0.5592,0,0,0.0197,-0.0291,0.9994,0,2.1085,0,0,1]},
{"frame":9,"values":[0.5568,-0.8254,0.093,0,0.829,0.5592,0,0,-0.052,0.0771,0.9957,0,2.1085,0,0,1]},
{"frame":10,"values":[0.5589,-0.8285,-0.0352,0,0.829,0.5592,0,0,0.0197,-0.0291,0.9994,0,2.1085,0,0,1]},
{"frame":11,"values":[0.5514,-0.8175,-0.1661,0,0.829,0.5592,0,0,0.0929,-0.1377,0.9861,0,2.1085,0,0,1]},
{"frame":12,"values":[0.534,-0.7917,-0.2965,0,0.829,0.5592,0,0,0.1658,-0.2458,0.955,0,2.1085,0,0,1]},
{"frame":13,"values":[0.5068,-0.7513,-0.4227,0,0.829,0.5592,0,0,0.2364,-0.3504,0.9063,0,2.1085,0,0,1]},
{"frame":14,"values":[0.4702,-0.6972,-0.5411,0,0.829,0.5592,0,0,0.3026,-0.4486,0.8409,0,2.1085,0,0,1]},
{"frame":15,"values":[0.4255,-0.6309,-0.6488,0,0.829,0.5592,0,0,0.3628,-0.5378,0.761,0,2.1085,0,0,1]},
{"frame":16,"values":[0.3742,-0.5548,-0.7431,0,0.829,0.5592,0,0,0.4155,-0.6161,0.6692,0,2.1085,0,0,1]},
{"frame":17,"values":[0.3179,-0.4714,-0.8226,0,0.829,0.5592,0,0,0.46,-0.682,0.5686,0,2.1085,0,0,1]}],"loopBehavior":1,"name":"anim","property":"_matrix"}},
{"name":"joint12","index":11,"matrix":[0.9887,-0.1498,0,0,-0.1498,-0.9887,0,0,0,0,-1,0,0.6564,0,0.2689,1],"rest":[0.9887,-0.1498,0,0,-0.1498,-0.9887,0,0,0,0,-1,0,0.781,0,0,1],"parentBoneIndex":10,"length":2.1785
,"animation":{"dataType":3,"framePerSecond":30,"keys":[
{"frame":1,"values":[0.9887,-0.1498,0,0,-0.1498,-0.9887,0,0,0,0,-1,0,0.6564,0,0.2689,1]},
{"frame":17,"values":[0.9887,-0.1498,0,0,-0.1498,-0.9887,0,0,0,0,-1,0,0.6564,0,0.2689,1]}],"loopBehavior":1,"name":"anim","property":"_matrix"}},
{"name":"joint13","index":12,"matrix":[0.9214,-0.0231,-0.3882,0,-0.0251,-0.9997,0,0,-0.3882,0.0097,-0.9216,0,1.7955,0.058,-0.8358,1],"rest":[0.9997,-0.0251,0,0,-0.0251,-0.9997,0,0,0,0,-1,0,2.1785,0,0,1],"parentBoneIndex":11,"length":2.3408
,"animation":{"dataType":3,"framePerSecond":30,"keys":[
{"frame":1,"values":[0.9214,-0.0231,-0.3882,0,-0.0251,-0.9997,0,0,-0.3882,0.0097,-0.9216,0,1.7955,0.058,-0.8358,1]},
{"frame":17,"values":[0.9214,-0.0231,-0.3882,0,-0.0251,-0.9997,0,0,-0.3882,0.0097,-0.9216,0,1.7955,0.058,-0.8358,1]}],"loopBehavior":1,"name":"anim","property":"_matrix"}},
{"name":"joint14","index":13,"matrix":[0.0037,1,0,0,-1,0.0037,0,0,0,0,1,0,1.6687,0.0102,0.0821,1],"rest":[0.0037,1,0,0,-1,0.0037,0,0,0,0,1,0,2.3408,0,0,1],"parentBoneIndex":12,"length":2.3407
,"animation":{"dataType":3,"framePerSecond":30,"keys":[
{"frame":1,"values":[0.0037,1,0,0,-1,0.0037,0,0,0,0,1,0,2.3404,0,0,1]},
{"frame":2,"values":[0.0037,1,0,0,-1,0.0037,0,0,0,0,1,0,2.069,0.0078,-0.0397,1]},
{"frame":3,"values":[0.0037,1,0,0,-1,0.0037,0,0,0,0,1,0,1.7976,0.0156,-0.0793,1]},
{"frame":4,"values":[0.0037,1,0,0,-1,0.0037,0,0,0,0,1,0,1.5262,0.0234,-0.119,1]},
{"frame":5,"values":[0.0037,1,0,0,-1,0.0037,0,0,0,0,1,0,1.689,0.0187,-0.0952,1]},
{"frame":6,"values":[0.0037,1,0,0,-1,0.0037,0,0,0,0,1,0,1.8519,0.0141,-0.0714,1]},
{"frame":7,"values":[0.0037,1,0,0,-1,0.0037,0,0,0,0,1,0,2.0147,0.0094,-0.0476,1]},
{"frame":8,"values":[0.0037,1,0,0,-1,0.0037,0,0,0,0,1,0,2.1776,0.0047,-0.0238,1]},
{"frame":9,"values":[0.0037,1,0,0,-1,0.0037,0,0,0,0,1,0,2.3404,0,0,1]},
{"frame":10,"values":[0.0037,1,0,0,-1,0.0037,0,0,0,0,1,0,2.0605,0.0042,0.0342,1]},
{"frame":11,"values":[0.0037,1,0,0,-1,0.0037,0,0,0,0,1,0,1.7806,0.0085,0.0684,1]},
{"frame":12,"values":[0.0037,1,0,0,-1,0.0037,0,0,0,0,1,0,1.5007,0.0128,0.1026,1]},
{"frame":13,"values":[0.0037,1,0,0,-1,0.0037,0,0,0,0,1,0,1.6687,0.0102,0.0821,1]},
{"frame":14,"values":[0.0037,1,0,0,-1,0.0037,0,0,0,0,1,0,1.8366,0.0076,0.0616,1]},
{"frame":15,"values":[0.0037,1,0,0,-1,0.0037,0,0,0,0,1,0,2.0045,0.0051,0.0411,1]},
{"frame":16,"values":[0.0037,1,0,0,-1,0.0037,0,0,0,0,1,0,2.1725,0.0025,0.0205,1]},
{"frame":17,"values":[0.0037,1,0,0,-1,0.0037,0,0,0,0,1,0,2.3404,0,0,1]}],"loopBehavior":1,"name":"anim","property":"_matrix"}},
{"name":"joint15","index":14,"matrix":[0.3096,-0.8503,-0.4256,0,-0.9396,-0.3422,0,0,-0.1456,0.3999,-0.9049,0,-1.2978,-1.693,0,1],"rest":[0.3422,-0.9396,0,0,-0.9396,-0.3422,0,0,0,0,-1,0,-1.2978,-1.693,0,1],"parentBoneIndex":9,"length":0.7237
,"animation":{"dataType":3,"framePerSecond":30,"keys":[
{"frame":1,"values":[0.3408,-0.9358,0.0898,0,-0.9396,-0.3422,0,0,0.0307,-0.0844,-0.996,0,-1.2978,-1.693,0,1]},
{"frame":2,"values":[0.3419,-0.9389,-0.0383,0,-0.9396,-0.3422,0,0,-0.0131,0.036,-0.9993,0,-1.2978,-1.693,0,1]},
{"frame":3,"values":[0.3372,-0.9261,-0.1693,0,-0.9396,-0.3422,0,0,-0.0579,0.1591,-0.9856,0,-1.2978,-1.693,0,1]},
{"frame":4,"values":[0.3265,-0.8965,-0.2996,0,-0.9396,-0.3422,0,0,-0.1025,0.2815,-0.9541,0,-1.2978,-1.693,0,1]},
{"frame":5,"values":[0.3096,-0.8503,-0.4256,0,-0.9396,-0.3422,0,0,-0.1456,0.3999,-0.9049,0,-1.2978,-1.693,0,1]},
{"frame":6,"values":[0.2871,-0.7885,-0.5438,0,-0.9396,-0.3422,0,0,-0.1861,0.511,-0.8392,0,-1.2978,-1.693,0,1]},
{"frame":7,"values":[0.2597,-0.7131,-0.6512,0,-0.9396,-0.3422,0,0,-0.2228,0.6119,-0.7589,0,-1.2978,-1.693,0,1]},
{"frame":8,"values":[0.2282,-0.6265,-0.7452,0,-0.9396,-0.3422,0,0,-0.255,0.7003,-0.6668,0,-1.2978,-1.693,0,1]},
{"frame":9,"values":[0.1937,-0.5318,-0.8244,0,-0.9396,-0.3422,0,0,-0.2821,0.7747,-0.566,0,-1.2978,-1.693,0,1]},
{"frame":10,"values":[0.2282,-0.6265,-0.7452,0,-0.9396,-0.3422,0,0,-0.255,0.7003,-0.6668,0,-1.2978,-1.693,0,1]},
{"frame":11,"values":[0.2597,-0.7131,-0.6512,0,-0.9396,-0.3422,0,0,-0.2228,0.6119,-0.7589,0,-1.2978,-1.693,0,1]},
{"frame":12,"values":[0.2871,-0.7885,-0.5438,0,-0.9396,-0.3422,0,0,-0.1861,0.511,-0.8392,0,-1.2978,-1.693,0,1]},
{"frame":13,"values":[0.3096,-0.8503,-0.4256,0,-0.9396,-0.3422,0,0,-0.1456,0.3999,-0.9049,0,-1.2978,-1.693,0,1]},
{"frame":14,"values":[0.3265,-0.8965,-0.2996,0,-0.9396,-0.3422,0,0,-0.1025,0.2815,-0.9541,0,-1.2978,-1.693,0,1]},
{"frame":15,"values":[0.3372,-0.9261,-0.1693,0,-0.9396,-0.3422,0,0,-0.0579,0.1591,-0.9856,0,-1.2978,-1.693,0,1]},
{"frame":16,"values":[0.3419,-0.9389,-0.0383,0,-0.9396,-0.3422,0,0,-0.0131,0.036,-0.9993,0,-1.2978,-1.693,0,1]},
{"frame":17,"values":[0.3408,-0.9358,0.0898,0,-0.9396,-0.3422,0,0,0.0307,-0.0844,-0.996,0,-1.2978,-1.693,0,1]}],"loopBehavior":1,"name":"anim","property":"_matrix"}},
{"name":"joint16","index":15,"matrix":[0.9964,-0.0849,0,0,0.0849,0.9964,0,0,0,0,1,0,0.597,0,-0.2678,1],"rest":[0.9964,-0.0849,0,0,0.0849,0.9964,0,0,0,0,1,0,0.7237,0,0,1],"parentBoneIndex":14,"length":2.2113
,"animation":{"dataType":3,"framePerSecond":30,"keys":[
{"frame":1,"values":[0.9964,-0.0849,0,0,0.0849,0.9964,0,0,0,0,1,0,0.597,0,-0.2678,1]},
{"frame":17,"values":[0.9964,-0.0849,0,0,0.0849,0.9964,0,0,0,0,1,0,0.597,0,-0.2678,1]}],"loopBehavior":1,"name":"anim","property":"_matrix"}},
{"name":"joint17","index":16,"matrix":[0.9119,-0.0469,-0.4077,0,-0.0514,-0.9987,0,0,-0.4072,0.021,-0.9131,0,1.8187,-0.0335,-0.8326,1],"rest":[0.9987,-0.0514,0,0,-0.0514,-0.9987,0,0,0,0,-1,0,2.2113,0,0,1],"parentBoneIndex":15,"length":2.3555
,"animation":{"dataType":3,"framePerSecond":30,"keys":[
{"frame":1,"values":[0.9119,-0.0469,-0.4077,0,-0.0514,-0.9987,0,0,-0.4072,0.021,-0.9131,0,1.8187,-0.0335,-0.8326,1]},
{"frame":17,"values":[0.9119,-0.0469,-0.4077,0,-0.0514,-0.9987,0,0,-0.4072,0.021,-0.9131,0,1.8187,-0.0335,-0.8326,1]}],"loopBehavior":1,"name":"anim","property":"_matrix"}},
{"name":"joint18","index":17,"matrix":[0.4668,0.8844,0,0,-0.8844,0.4668,0,0,0,0,1,0,1.6888,0.003,-0.1161,1],"rest":[0.4668,0.8844,0,0,-0.8844,0.4668,0,0,0,0,1,0,2.3555,0,0,1],"parentBoneIndex":16,"length":2.3555
,"animation":{"dataType":3,"framePerSecond":30,"keys":[
{"frame":1,"values":[0.4668,0.8844,0,0,-0.8844,0.4668,0,0,0,0,1,0,2.3556,0,0,1]},
{"frame":2,"values":[0.4668,0.8844,0,0,-0.8844,0.4668,0,0,0,0,1,0,2.0825,0.0057,0.026,1]},
{"frame":3,"values":[0.4668,0.8844,0,0,-0.8844,0.4668,0,0,0,0,1,0,1.8094,0.0113,0.052,1]},
{"frame":4,"values":[0.4668,0.8844,0,0,-0.8844,0.4668,0,0,0,0,1,0,1.5363,0.017,0.078,1]},
{"frame":5,"values":[0.4668,0.8844,0,0,-0.8844,0.4668,0,0,0,0,1,0,1.7001,0.0136,0.0624,1]},
{"frame":6,"values":[0.4668,0.8844,0,0,-0.8844,0.4668,0,0,0,0,1,0,1.864,0.0102,0.0468,1]},
{"frame":7,"values":[0.4668,0.8844,0,0,-0.8844,0.4668,0,0,0,0,1,0,2.0279,0.0068,0.0312,1]},
{"frame":8,"values":[0.4668,0.8844,0,0,-0.8844,0.4668,0,0,0,0,1,0,2.1917,0.0034,0.0156,1]},
{"frame":9,"values":[0.4668,0.8844,0,0,-0.8844,0.4668,0,0,0,0,1,0,2.3556,0,0,1]},
{"frame":10,"values":[0.4668,0.8844,0,0,-0.8844,0.4668,0,0,0,0,1,0,2.0778,0.0012,-0.0484,1]},
{"frame":11,"values":[0.4668,0.8844,0,0,-0.8844,0.4668,0,0,0,0,1,0,1.7999,0.0025,-0.0968,1]},
{"frame":12,"values":[0.4668,0.8844,0,0,-0.8844,0.4668,0,0,0,0,1,0,1.5221,0.0037,-0.1452,1]},
{"frame":13,"values":[0.4668,0.8844,0,0,-0.8844,0.4668,0,0,0,0,1,0,1.6888,0.003,-0.1161,1]},
{"frame":14,"values":[0.4668,0.8844,0,0,-0.8844,0.4668,0,0,0,0,1,0,1.8555,0.0022,-0.0871,1]},
{"frame":15,"values":[0.4668,0.8844,0,0,-0.8844,0.4668,0,0,0,0,1,0,2.0222,0.0015,-0.0581,1]},
{"frame":16,"values":[0.4668,0.8844,0,0,-0.8844,0.4668,0,0,0,0,1,0,2.1889,0.0007,-0.029,1]},
{"frame":17,"values":[0.4668,0.8844,0,0,-0.8844,0.4668,0,0,0,0,1,0,2.3556,0,0,1]}],"loopBehavior":1,"name":"anim","property":"_matrix"}}]
,"ranges":[{"name":"Armature|Take 001|BaseLayer","from":0,"to":17}]}],
"meshes":[{"name":"Monkey","id":"Monkey","materialId":"MonkeyRun.phong1","billboardMode":0,"position":[0,0,0],"rotation":[0,0,0],"scaling":[2.5,2.5,2.5],"isVisible":true,"freezeWorldMatrix":false,"isEnabled":true,"checkCollisions":false,"receiveShadows":false,"skeletonId":0,"numBoneInfluencers":4
