{"producer":{"name":"Blender","version":"2.78 (sub 0)","exporter_version":"5.4.0","file":"MonkeyClap.babylon"},
"autoClear":true,"clearColor":[0.0509,0.0509,0.0509],"ambientColor":[0,0,0],"gravity":[0,-9.81,0],
"materials":[{"name":"MonkeyClap.phong1","id":"MonkeyClap.phong1","ambient":[1,1,1],"diffuse":[1,1,1],"specular":[0,0,0],"emissive":[0.1,0.1,0.1],"specularPower":1,"alpha":1,"backFaceCulling":true,"checkReadyOnlyOnce":false,"maxSimultaneousLights":4, 
"diffuseTexture":{"name":"MonkeyApe.png","level":1,"hasAlpha":1,"coordinatesMode":0,"uOffset":0,"vOffset":0,"uScale":1,"vScale":1,"uAng":0,"vAng":0,"wAng":0,"wrapU":1,"wrapV":1,"coordinatesIndex":0}}],
"multiMaterials":[],
"skeletons":[{"name":"Armature","id":0,"dimensionsAtRest":[18.2307,19.9032,0],"bones":[
{"name":"joint1","index":0,"matrix":[-0.4,0.0026,0,0,0.0026,0.4,0,0,0,0,0.4,0,0,4.3303,0,1],"rest":[-0.4,0.0026,0,0,0.0026,0.4,0,0,0,0,0.4,0,0.0101,5.3412,0,1],"parentBoneIndex":-1,"length":2.7909
,"animation":{"dataType":3,"framePerSecond":30,"keys":[
{"frame":2,"values":[-0.4,0.0026,0,0,0.0026,0.4,0,0,0,0,0.4,0,0,4.3303,0,1]},
{"frame":3,"values":[-0.4,0.0026,0,0,0.0026,0.4,0,0,0,0,0.4,0,0,4.317,0,1]},
{"frame":4,"values":[-0.4,0.0026,0,0,0.0026,0.4,0,0,0,0,0.4,0,0,4.3036,0,1]},
{"frame":5,"values":[-0.4,0.0026,0,0,0.0026,0.4,0,0,0,0,0.4,0,0,4.2903,0,1]},
{"frame":6,"values":[-0.4,0.0026,0,0,0.0026,0.4,0,0,0,0,0.4,0,0,4.2769,0,1]},
{"frame":7,"values":[-0.4,0.0026,0,0,0.0026,0.4,0,0,0,0,0.4,0,0,4.2635,0,1]},
{"frame":8,"values":[-0.4,0.0026,0,0,0.0026,0.4,0,0,0,0,0.4,0,0,4.2502,0,1]},
{"frame":9,"values":[-0.4,0.0026,0,0,0.0026,0.4,0,0,0,0,0.4,0,0,4.2368,0,1]},
{"frame":10,"values":[-0.4,0.0026,0,0,0.0026,0.4,0,0,0,0,0.4,0,0,4.2235,0,1]},
{"frame":11,"values":[-0.4,0.0026,0,0,0.0026,0.4,0,0,0,0,0.4,0,0,4.2101,0,1]},
{"frame":12,"values":[-0.4,0.0026,0,0,0.0026,0.4,0,0,0,0,0.4,0,0,4.1967,0,1]},
{"frame":13,"values":[-0.4,0.0026,0,0,0.0026,0.4,0,0,0,0,0.4,0,0,4.1834,0,1]},
{"frame":14,"values":[-0.4,0.0026,0,0,0.0026,0.4,0,0,0,0,0.4,0,0,4.17,0,1]},
{"frame":15,"values":[-0.4,0.0026,0,0,0.0026,0.4,0,0,0,0,0.4,0,0,4.1566,0,1]},
{"frame":16,"values":[-0.4,0.0026,0,0,0.0026,0.4,0,0,0,0,0.4,0,0,4.1433,0,1]},
{"frame":17,"values":[-0.4,0.0026,0,0,0.0026,0.4,0,0,0,0,0.4,0,0,4.1557,0,1]},
{"frame":18,"values":[-0.4,0.0026,0,0,0.0026,0.4,0,0,0,0,0.4,0,0,4.1682,0,1]},
{"frame":19,"values":[-0.4,0.0026,0,0,0.0026,0.4,0,0,0,0,0.4,0,0,4.1807,0,1]},
{"frame":20,"values":[-0.4,0.0026,0,0,0.0026,0.4,0,0,0,0,0.4,0,0,4.1932,0,1]},
{"frame":21,"values":[-0.4,0.0026,0,0,0.0026,0.4,0,0,0,0,0.4,0,0,4.2056,0,1]},
{"frame":22,"values":[-0.4,0.0026,0,0,0.0026,0.4,0,0,0,0,0.4,0,0,4.2181,0,1]},
{"frame":23,"values":[-0.4,0.0026,0,0,0.0026,0.4,0,0,0,0,0.4,0,0,4.2306,0,1]},
{"frame":24,"values":[-0.4,0.0026,0,0,0.0026,0.4,0,0,0,0,0.4,0,0,4.243,0,1]},
{"frame":25,"values":[-0.4,0.0026,0,0,0.0026,0.4,0,0,0,0,0.4,0,0,4.2555,0,1]},
{"frame":26,"values":[-0.4,0.0026,0,0,0.0026,0.4,0,0,0,0,0.4,0,0,4.268,0,1]},
{"frame":27,"values":[-0.4,0.0026,0,0,0.0026,0.4,0,0,0,0,0.4,0,0,4.2805,0,1]},
{"frame":28,"values":[-0.4,0.0026,0,0,0.0026,0.4,0,0,0,0,0.4,0,0,4.2929,0,1]},
{"frame":29,"values":[-0.4,0.0026,0,0,0.0026,0.4,0,0,0,0,0.4,0,0,4.3054,0,1]},
{"frame":30,"values":[-0.4,0.0026,0,0,0.0026,0.4,0,0,0,0,0.4,0,0,4.3179,0,1]},
{"frame":31,"values":[-0.4,0.0026,0,0,0.0026,0.4,0,0,0,0,0.4,0,0,4.3303,0,1]}],"loopBehavior":1,"name":"anim","property":"_matrix"}},
{"name":"joint2","index":1,"matrix":[0.7459,-0.6595,-0.0938,0,0.5963,0.5983,0.5352,0,-0.2968,-0.4551,0.8395,0,2.6684,0,0,1],"rest":[1,-0.0065,0,0,0.0065,1,0,0,0,0,1,0,2.6684,0,0,1],"parentBoneIndex":0,"length":2.9125
,"animation":{"dataType":3,"framePerSecond":30,"keys":[
{"frame":2,"values":[0.7459,-0.6595,-0.0938,0,0.5963,0.5983,0.5352,0,-0.2968,-0.4551,0.8395,0,2.6684,0,0,1]},
{"frame":3,"values":[0.7302,-0.6828,-0.0244,0,0.5668,0.5855,0.5796,0,-0.3815,-0.4371,0.8145,0,2.6684,0,0,1]},
{"frame":4,"values":[0.7079,-0.7049,0.0439,0,0.533,0.574,0.6217,0,-0.4634,-0.4167,0.782,0,2.6684,0,0,1]},
{"frame":5,"values":[0.6791,-0.7257,0.1102,0,0.4954,0.5639,0.6607,0,-0.5416,-0.3941,0.7425,0,2.6684,0,0,1]},
{"frame":6,"values":[0.6443,-0.7448,0.1736,0,0.4545,0.5555,0.6964,0,-0.6151,-0.3697,0.6964,0,2.6684,0,0,1]},
{"frame":7,"values":[0.6726,-0.7297,0.1231,0,0.4875,0.5621,0.6682,0,-0.5567,-0.3894,0.7338,0,2.6684,0,0,1]},
{"frame":8,"values":[0.6972,-0.7134,0.0707,0,0.5184,0.5698,0.6377,0,-0.4952,-0.4079,0.767,0,2.6684,0,0,1]},
{"frame":9,"values":[0.7176,-0.6962,0.0168,0,0.547,0.5784,0.6052,0,-0.4311,-0.4251,0.7959,0,2.6684,0,0,1]},
{"frame":10,"values":[0.7339,-0.6782,-0.0382,0,0.573,0.5879,0.5709,0,-0.3647,-0.4409,0.8201,0,2.6684,0,0,1]},
{"frame":11,"values":[0.7459,-0.6595,-0.0938,0,0.5963,0.5983,0.5352,0,-0.2968,-0.4551,0.8395,0,2.6684,0,0,1]},
{"frame":12,"values":[0.7516,-0.6583,-0.0405,0,0.5571,0.6008,0.5733,0,-0.3531,-0.4535,0.8184,0,2.6684,0,0,1]},
{"frame":13,"values":[0.7537,-0.657,0.0133,0,0.5152,0.6034,0.6087,0,-0.408,-0.4519,0.7933,0,2.6684,0,0,1]},
{"frame":14,"values":[0.7521,-0.6556,0.0672,0,0.4709,0.606,0.6412,0,-0.4611,-0.4506,0.7645,0,2.6684,0,0,1]},
{"frame":15,"values":[0.7468,-0.654,0.1208,0,0.4245,0.6085,0.6704,0,-0.512,-0.4494,0.7321,0,2.6684,0,0,1]},
{"frame":16,"values":[0.7378,-0.6523,0.1736,0,0.3764,0.6111,0.6964,0,-0.5604,-0.4484,0.6964,0,2.6684,0,0,1]},
{"frame":17,"values":[0.7468,-0.654,0.1208,0,0.4245,0.6085,0.6704,0,-0.512,-0.4494,0.7321,0,2.6684,0,0,1]},
{"frame":18,"values":[0.7521,-0.6556,0.0672,0,0.4709,0.606,0.6412,0,-0.4611,-0.4506,0.7645,0,2.6684,0,0,1]},
{"frame":19,"values":[0.7537,-0.657,0.0133,0,0.5152,0.6034,0.6087,0,-0.408,-0.4519,0.7933,0,2.6684,0,0,1]},
{"frame":20,"values":[0.7516,-0.6583,-0.0405,0,0.5571,0.6008,0.5733,0,-0.3531,-0.4535,0.8184,0,2.6684,0,0,1]},
{"frame":21,"values":[0.7459,-0.6595,-0.0938,0,0.5963,0.5983,0.5352,0,-0.2968,-0.4551,0.8395,0,2.6684,0,0,1]},
{"frame":22,"values":[0.7516,-0.6583,-0.0405,0,0.5571,0.6008,0.5733,0,-0.3531,-0.4535,0.8184,0,2.6684,0,0,1]},
{"frame":23,"values":[0.7537,-0.657,0.0133,0,0.5152,0.6034,0.6087,0,-0.408,-0.4519,0.7933,0,2.6684,0,0,1]},
{"frame":24,"values":[0.7521,-0.6556,0.0672,0,0.4709,0.606,0.6412,0,-0.4611,-0.4506,0.7645,0,2.6684,0,0,1]},
{"frame":25,"values":[0.7468,-0.654,0.1208,0,0.4245,0.6085,0.6704,0,-0.512,-0.4494,0.7321,0,2.6684,0,0,1]},
{"frame":26,"values":[0.7378,-0.6523,0.1736,0,0.3764,0.6111,0.6964,0,-0.5604,-0.4484,0.6964,0,2.6684,0,0,1]},
{"frame":27,"values":[0.7468,-0.654,0.1208,0,0.4245,0.6085,0.6704,0,-0.512,-0.4494,0.7321,0,2.6684,0,0,1]},
{"frame":28,"values":[0.7521,-0.6556,0.0672,0,0.4709,0.606,0.6412,0,-0.4611,-0.4506,0.7645,0,2.6684,0,0,1]},
{"frame":29,"values":[0.7537,-0.657,0.0133,0,0.5152,0.6034,0.6087,0,-0.408,-0.4519,0.7933,0,2.6684,0,0,1]},
{"frame":30,"values":[0.7516,-0.6583,-0.0405,0,0.5571,0.6008,0.5733,0,-0.3531,-0.4535,0.8184,0,2.6684,0,0,1]},
{"frame":31,"values":[0.7459,-0.6595,-0.0938,0,0.5963,0.5983,0.5352,0,-0.2968,-0.4551,0.8395,0,2.6684,0,0,1]}],"loopBehavior":1,"name":"anim","property":"_matrix"}},
{"name":"joint3","index":2,"matrix":[-0.5361,-0.8273,-0.1678,0,0.9956,-0.2986,-1.7087,0,0.6818,-0.5415,0.4919,0,1.3425,-2.8231,-2.0689,1],"rest":[1,0.0098,0,0,-0.0098,1,0,0,0,0,1,0,2.9125,0,0,1],"parentBoneIndex":1,"length":7.116
,"animation":{"dataType":3,"framePerSecond":30,"keys":[
{"frame":2,"values":[-0.5361,-0.8273,-0.1678,0,0.9956,-0.2986,-1.7087,0,0.6818,-0.5415,0.4919,0,1.3425,-2.8231,-2.0689,1]},
{"frame":3,"values":[-0.4668,-0.8496,-0.2456,0,0.8811,-0.0056,-1.655,0,0.7492,-0.5274,0.4007,0,1.1899,-2.6827,-2.1754,1]},
{"frame":4,"values":[-0.3985,-0.8562,-0.3289,0,0.7476,0.2522,-1.562,0,0.8116,-0.4962,0.3083,0,1.0373,-2.5424,-2.282,1]},
{"frame":5,"values":[-0.3338,-0.8465,-0.4148,0,0.6027,0.4657,-1.4354,0,0.8666,-0.4487,0.2183,0,0.8848,-2.402,-2.3885,1]},
{"frame":6,"values":[-0.275,-0.8212,-0.5,0,0.4549,0.6291,-1.2835,0,0.9124,-0.3869,0.1337,0,0.7322,-2.2617,-2.495,1]},
{"frame":7,"values":[-0.3215,-0.8426,-0.432,0,0.5731,0.5025,-1.4068,0,0.8765,-0.4374,0.2009,0,0.8543,-2.3739,-2.4098,1]},
{"frame":8,"values":[-0.372,-0.8542,-0.3631,0,0.6906,0.3433,-1.515,0,0.8346,-0.4791,0.2719,0,0.9763,-2.4862,-2.3246,1]},
{"frame":9,"values":[-0.4255,-0.8555,-0.2951,0,0.8029,0.1539,-1.6037,0,0.7874,-0.5107,0.3452,0,1.0984,-2.5985,-2.2394,1]},
{"frame":10,"values":[-0.4806,-0.8464,-0.2295,0,0.9058,-0.0617,-1.6691,0,0.736,-0.5316,0.4191,0,1.2204,-2.7108,-2.1541,1]},
{"frame":11,"values":[-0.5361,-0.8273,-0.1678,0,0.9956,-0.2986,-1.7087,0,0.6818,-0.5415,0.4919,0,1.3425,-2.8231,-2.0689,1]},
{"frame":12,"values":[-0.5283,-0.8153,-0.2371,0,1.061,-0.1978,-1.6838,0,0.6629,-0.5706,0.4847,0,1.3425,-2.8231,-2.0689,1]},
{"frame":13,"values":[-0.5178,-0.7991,-0.3055,0,1.1254,-0.0983,-1.6504,0,0.6444,-0.5992,0.4751,0,1.3425,-2.8231,-2.0689,1]},
{"frame":14,"values":[-0.5047,-0.7788,-0.3725,0,1.1885,-0.0009,-1.6085,0,0.6262,-0.6273,0.4631,0,1.3425,-2.8231,-2.0689,1]},
{"frame":15,"values":[-0.489,-0.7546,-0.4375,0,1.2498,0.0936,-1.5586,0,0.6086,-0.6545,0.4487,0,1.3425,-2.8231,-2.0689,1]},
{"frame":16,"values":[-0.471,-0.7268,-0.5,0,1.3087,0.1846,-1.501,0,0.5916,-0.6806,0.4321,0,1.3425,-2.8231,-2.0689,1]},
{"frame":17,"values":[-0.489,-0.7546,-0.4375,0,1.2498,0.0936,-1.5586,0,0.6086,-0.6545,0.4487,0,1.3425,-2.8231,-2.0689,1]},
{"frame":18,"values":[-0.5047,-0.7788,-0.3725,0,1.1885,-0.0009,-1.6085,0,0.6262,-0.6273,0.4631,0,1.3425,-2.8231,-2.0689,1]},
{"frame":19,"values":[-0.5178,-0.7991,-0.3055,0,1.1254,-0.0983,-1.6504,0,0.6444,-0.5992,0.4751,0,1.3425,-2.8231,-2.0689,1]},
{"frame":20,"values":[-0.5283,-0.8153,-0.2371,0,1.061,-0.1978,-1.6838,0,0.6629,-0.5706,0.4847,0,1.3425,-2.8231,-2.0689,1]},
{"frame":21,"values":[-0.5361,-0.8273,-0.1678,0,0.9956,-0.2986,-1.7087,0,0.6818,-0.5415,0.4919,0,1.3425,-2.8231,-2.0689,1]},
{"frame":22,"values":[-0.5283,-0.8153,-0.2371,0,1.0079,-0.1879,-1.5996,0,0.6629,-0.5706,0.4847,0,1.3425,-2.8231,-2.0689,1]},
{"frame":23,"values":[-0.5178,-0.7991,-0.3055,0,1.0129,-0.0884,-1.4853,0,0.6444,-0.5992,0.4751,0,1.3425,-2.8231,-2.0689,1]},
{"frame":24,"values":[-0.5047,-0.7788,-0.3725,0,1.0103,-0.0007,-1.3673,0,0.6262,-0.6273,0.4631,0,1.3425,-2.8231,-2.0689,1]},
{"frame":25,"values":[-0.489,-0.7546,-0.4375,0,0.9998,0.0749,-1.2469,0,0.6086,-0.6545,0.4487,0,1.3425,-2.8231,-2.0689,1]},
{"frame":26,"values":[-0.471,-0.7268,-0.5,0,0.9816,0.1385,-1.1258,0,0.5916,-0.6806,0.4321,0,1.3425,-2.8231,-2.0689,1]},
{"frame":27,"values":[-0.489,-0.7546,-0.4375,0,0.9998,0.0749,-1.2469,0,0.6086,-0.6545,0.4487,0,1.3425,-2.8231,-2.0689,1]},
{"frame":28,"values":[-0.5047,-0.7788,-0.3725,0,1.0103,-0.0007,-1.3673,0,0.6262,-0.6273,0.4631,0,1.3425,-2.8231,-2.0689,1]},
{"frame":29,"values":[-0.5178,-0.7991,-0.3055,0,1.0129,-0.0884,-1.4853,0,0.6444,-0.5992,0.4751,0,1.3425,-2.8231,-2.0689,1]},
{"frame":30,"values":[-0.5283,-0.8153,-0.2371,0,1.0079,-0.1879,-1.5996,0,0.6629,-0.5706,0.4847,0,1.3425,-2.8231,-2.0689,1]},
{"frame":31,"values":[-0.5361,-0.8273,-0.1678,0,0.9956,-0.2986,-1.7087,0,0.6818,-0.5415,0.4919,0,1.3425,-2.8231,-2.0689,1]}],"loopBehavior":1,"name":"anim","property":"_matrix"}},
{"name":"joint4","index":3,"matrix":[0.0098,1,0,0,1,-0.0098,0,0,0,0,-1,0,3.534,-0.0086,-0.3387,1],"rest":[-1,0.0098,0,0,0.0098,1,0,0,0,0,-1,0,3.558,0,0,1],"parentBoneIndex":2,"length":3.5585
,"animation":{"dataType":3,"framePerSecond":30,"keys":[
{"frame":2,"values":[0.0098,1,0,0,1,-0.0098,0,0,0,0,-1,0,3.534,-0.0086,-0.3387,1]},
{"frame":31,"values":[0.0098,1,0,0,1,-0.0098,0,0,0,0,-1,0,3.534,-0.0086,-0.3387,1]}],"loopBehavior":1,"name":"anim","property":"_matrix"}},
{"name":"joint5","index":4,"matrix":[-0.5565,-0.8211,0.1268,0,-0.4328,0.4168,0.7993,0,-0.7092,0.39,-0.5873,0,-2.633,0.087,0,1],"rest":[-1,-0.0054,0,0,-0.0054,1,0,0,0,0,-1,0,-2.633,0.087,0,1],"parentBoneIndex":0,"length":2.9127
,"animation":{"dataType":3,"framePerSecond":30,"keys":[
{"frame":2,"values":[-0.5565,-0.8211,0.1268,0,-0.4328,0.4168,0.7993,0,-0.7092,0.39,-0.5873,0,-2.633,0.087,0,1]},
{"frame":3,"values":[-0.5568,-0.8151,0.16,0,-0.3646,0.4129,0.8346,0,-0.7464,0.4064,-0.5271,0,-2.633,0.087,0,1]},
{"frame":4,"values":[-0.5544,-0.8095,0.1933,0,-0.2937,0.4076,0.8646,0,-0.7787,0.4226,-0.4638,0,-2.633,0.087,0,1]},
{"frame":5,"values":[-0.5495,-0.8043,0.2263,0,-0.2209,0.401,0.889,0,-0.8058,0.4385,-0.398,0,-2.633,0.087,0,1]},
{"frame":6,"values":[-0.5419,-0.7996,0.2588,0,-0.1467,0.3932,0.9077,0,-0.8275,0.4539,-0.3304,0,-2.633,0.087,0,1]},
{"frame":7,"values":[-0.5481,-0.8033,0.2329,0,-0.2061,0.3996,0.8932,0,-0.8106,0.4416,-0.3846,0,-2.633,0.087,0,1]},
{"frame":8,"values":[-0.5528,-0.8074,0.2065,0,-0.2648,0.4051,0.8751,0,-0.7902,0.429,-0.4377,0,-2.633,0.087,0,1]},
{"frame":9,"values":[-0.5557,-0.8117,0.18,0,-0.3224,0.4099,0.8533,0,-0.7664,0.4161,-0.4894,0,-2.633,0.087,0,1]},
{"frame":10,"values":[-0.5569,-0.8163,0.1533,0,-0.3785,0.4138,0.828,0,-0.7393,0.4031,-0.5394,0,-2.633,0.087,0,1]},
{"frame":11,"values":[-0.5565,-0.8211,0.1268,0,-0.4328,0.4168,0.7993,0,-0.7092,0.39,-0.5873,0,-2.633,0.087,0,1]},
{"frame":12,"values":[-0.5569,-0.8163,0.1533,0,-0.3785,0.4138,0.828,0,-0.7393,0.4031,-0.5394,0,-2.633,0.087,0,1]},
{"frame":13,"values":[-0.5557,-0.8117,0.18,0,-0.3224,0.4099,0.8533,0,-0.7664,0.4161,-0.4894,0,-2.633,0.087,0,1]},
{"frame":14,"values":[-0.5528,-0.8074,0.2065,0,-0.2648,0.4051,0.8751,0,-0.7902,0.429,-0.4377,0,-2.633,0.087,0,1]},
{"frame":15,"values":[-0.5481,-0.8033,0.2329,0,-0.2061,0.3996,0.8932,0,-0.8106,0.4416,-0.3846,0,-2.633,0.087,0,1]},
{"frame":16,"values":[-0.5419,-0.7996,0.2588,0,-0.1467,0.3932,0.9077,0,-0.8275,0.4539,-0.3304,0,-2.633,0.087,0,1]},
{"frame":17,"values":[-0.5481,-0.8033,0.2329,0,-0.2061,0.3996,0.8932,0,-0.8106,0.4416,-0.3846,0,-2.633,0.087,0,1]},
{"frame":18,"values":[-0.5528,-0.8074,0.2065,0,-0.2648,0.4051,0.8751,0,-0.7902,0.429,-0.4377,0,-2.633,0.087,0,1]},
{"frame":19,"values":[-0.5557,-0.8117,0.18,0,-0.3224,0.4099,0.8533,0,-0.7664,0.4161,-0.4894,0,-2.633,0.087,0,1]},
{"frame":20,"values":[-0.5569,-0.8163,0.1533,0,-0.3785,0.4138,0.828,0,-0.7393,0.4031,-0.5394,0,-2.633,0.087,0,1]},
{"frame":21,"values":[-0.5565,-0.8211,0.1268,0,-0.4328,0.4168,0.7993,0,-0.7092,0.39,-0.5873,0,-2.633,0.087,0,1]},
{"frame":22,"values":[-0.5569,-0.8163,0.1533,0,-0.3785,0.4138,0.828,0,-0.7393,0.4031,-0.5394,0,-2.633,0.087,0,1]},
{"frame":23,"values":[-0.5557,-0.8117,0.18,0,-0.3224,0.4099,0.8533,0,-0.7664,0.4161,-0.4894,0,-2.633,0.087,0,1]},
{"frame":24,"values":[-0.5528,-0.8074,0.2065,0,-0.2648,0.4051,0.8751,0,-0.7902,0.429,-0.4377,0,-2.633,0.087,0,1]},
{"frame":25,"values":[-0.5481,-0.8033,0.2329,0,-0.2061,0.3996,0.8932,0,-0.8106,0.4416,-0.3846,0,-2.633,0.087,0,1]},
{"frame":26,"values":[-0.5419,-0.7996,0.2588,0,-0.1467,0.3932,0.9077,0,-0.8275,0.4539,-0.3304,0,-2.633,0.087,0,1]},
{"frame":27,"values":[-0.5481,-0.8033,0.2329,0,-0.2061,0.3996,0.8932,0,-0.8106,0.4416,-0.3846,0,-2.633,0.087,0,1]},
{"frame":28,"values":[-0.5528,-0.8074,0.2065,0,-0.2648,0.4051,0.8751,0,-0.7902,0.429,-0.4377,0,-2.633,0.087,0,1]},
{"frame":29,"values":[-0.5557,-0.8117,0.18,0,-0.3224,0.4099,0.8533,0,-0.7664,0.4161,-0.4894,0,-2.633,0.087,0,1]},
{"frame":30,"values":[-0.5569,-0.8163,0.1533,0,-0.3785,0.4138,0.828,0,-0.7393,0.4031,-0.5394,0,-2.633,0.087,0,1]},
{"frame":31,"values":[-0.5565,-0.8211,0.1268,0,-0.4328,0.4168,0.7993,0,-0.7092,0.39,-0.5873,0,-2.633,0.087,0,1]}],"loopBehavior":1,"name":"anim","property":"_matrix"}},
{"name":"joint6","index":5,"matrix":[-0.2191,-0.9565,-0.1923,0,0.9231,-0.5506,1.6866,0,-0.8596,0.096,0.5018,0,0.5908,-2.2048,1.7466,1],"rest":[0.9996,0.0268,0,0,-0.0268,0.9996,0,0,0,0,1,0,2.9127,0,0,1],"parentBoneIndex":4,"length":7.0467
,"animation":{"dataType":3,"framePerSecond":30,"keys":[
{"frame":2,"values":[-0.2191,-0.9565,-0.1923,0,0.9231,-0.5506,1.6866,0,-0.8596,0.096,0.5018,0,0.5908,-2.2048,1.7466,1]},
{"frame":3,"values":[-0.2229,-0.9731,-0.0585,0,0.9136,-0.306,1.6085,0,-0.8443,0.1628,0.5105,0,0.5908,-2.2048,1.7466,1]},
{"frame":4,"values":[-0.2226,-0.9718,0.0777,0,0.8984,-0.086,1.4993,0,-0.8288,0.2306,0.5098,0,0.5908,-2.2048,1.7466,1]},
{"frame":5,"values":[-0.2182,-0.9525,0.2124,0,0.8762,0.1036,1.3646,0,-0.8134,0.2978,0.4997,0,0.5908,-2.2048,1.7466,1]},
{"frame":6,"values":[-0.2098,-0.916,0.342,0,0.8461,0.2584,1.2113,0,-0.7986,0.3624,0.4805,0,0.5908,-2.2048,1.7466,1]},
{"frame":7,"values":[-0.2168,-0.9465,0.2389,0,0.8709,0.1374,1.3352,0,-0.8104,0.311,0.4966,0,0.5908,-2.2048,1.7466,1]},
{"frame":8,"values":[-0.2214,-0.9662,0.132,0,0.8904,-0.0062,1.4481,0,-0.8226,0.2577,0.5069,0,0.5908,-2.2048,1.7466,1]},
{"frame":9,"values":[-0.2233,-0.9745,0.0232,0,0.9052,-0.1706,1.5464,0,-0.835,0.2035,0.5112,0,0.5908,-2.2048,1.7466,1]},
{"frame":10,"values":[-0.2225,-0.9712,-0.0856,0,0.9159,-0.3531,1.6268,0,-0.8474,0.1493,0.5095,0,0.5908,-2.2048,1.7466,1]},
{"frame":11,"values":[-0.2191,-0.9565,-0.1923,0,0.9231,-0.5506,1.6866,0,-0.8596,0.096,0.5018,0,0.5908,-2.2048,1.7466,1]},
{"frame":12,"values":[-0.2225,-0.9712,-0.0856,0,0.9159,-0.3531,1.6268,0,-0.8474,0.1493,0.5095,0,0.5908,-2.2048,1.7466,1]},
{"frame":13,"values":[-0.2233,-0.9745,0.0232,0,0.9052,-0.1706,1.5464,0,-0.835,0.2035,0.5112,0,0.5908,-2.2048,1.7466,1]},
{"frame":14,"values":[-0.2214,-0.9662,0.132,0,0.8904,-0.0062,1.4481,0,-0.8226,0.2577,0.5069,0,0.5908,-2.2048,1.7466,1]},
{"frame":15,"values":[-0.2168,-0.9465,0.2389,0,0.8709,0.1374,1.3352,0,-0.8104,0.311,0.4966,0,0.5908,-2.2048,1.7466,1]},
{"frame":16,"values":[-0.2098,-0.916,0.342,0,0.8461,0.2584,1.2113,0,-0.7986,0.3624,0.4805,0,0.5908,-2.2048,1.7466,1]},
{"frame":17,"values":[-0.2168,-0.9465,0.2389,0,0.8709,0.1374,1.3352,0,-0.8104,0.311,0.4966,0,0.5908,-2.2048,1.7466,1]},
{"frame":18,"values":[-0.2214,-0.9662,0.132,0,0.8904,-0.0062,1.4481,0,-0.8226,0.2577,0.5069,0,0.5908,-2.2048,1.7466,1]},
{"frame":19,"values":[-0.2233,-0.9745,0.0232,0,0.9052,-0.1706,1.5464,0,-0.835,0.2035,0.5112,0,0.5908,-2.2048,1.7466,1]},
{"frame":20,"values":[-0.2225,-0.9712,-0.0856,0,0.9159,-0.3531,1.6268,0,-0.8474,0.1493,0.5095,0,0.5908,-2.2048,1.7466,1]},
{"frame":21,"values":[-0.2191,-0.9565,-0.1923,0,0.9231,-0.5506,1.6866,0,-0.8596,0.096,0.5018,0,0.5908,-2.2048,1.7466,1]},
{"frame":22,"values":[-0.2225,-0.9712,-0.0856,0,0.9159,-0.3531,1.6268,0,-0.8474,0.1493,0.5095,0,0.5908,-2.2048,1.7466,1]},
{"frame":23,"values":[-0.2233,-0.9745,0.0232,0,0.9052,-0.1706,1.5464,0,-0.835,0.2035,0.5112,0,0.5908,-2.2048,1.7466,1]},
{"frame":24,"values":[-0.2214,-0.9662,0.132,0,0.8904,-0.0062,1.4481,0,-0.8226,0.2577,0.5069,0,0.5908,-2.2048,1.7466,1]},
{"frame":25,"values":[-0.2168,-0.9465,0.2389,0,0.8709,0.1374,1.3352,0,-0.8104,0.311,0.4966,0,0.5908,-2.2048,1.7466,1]},
{"frame":26,"values":[-0.2098,-0.916,0.342,0,0.8461,0.2584,1.2113,0,-0.7986,0.3624,0.4805,0,0.5908,-2.2048,1.7466,1]},
{"frame":27,"values":[-0.2168,-0.9465,0.2389,0,0.8709,0.1374,1.3352,0,-0.8104,0.311,0.4966,0,0.5908,-2.2048,1.7466,1]},
{"frame":28,"values":[-0.2214,-0.9662,0.132,0,0.8904,-0.0062,1.4481,0,-0.8226,0.2577,0.5069,0,0.5908,-2.2048,1.7466,1]},
{"frame":29,"values":[-0.2233,-0.9745,0.0232,0,0.9052,-0.1706,1.5464,0,-0.835,0.2035,0.5112,0,0.5908,-2.2048,1.7466,1]},
{"frame":30,"values":[-0.2225,-0.9712,-0.0856,0,0.9159,-0.3531,1.6268,0,-0.8474,0.1493,0.5095,0,0.5908,-2.2048,1.7466,1]},
{"frame":31,"values":[-0.2191,-0.9565,-0.1923,0,0.9231,-0.5506,1.6866,0,-0.8596,0.096,0.5018,0,0.5908,-2.2048,1.7466,1]}],"loopBehavior":1,"name":"anim","property":"_matrix"}},
{"name":"joint7","index":6,"matrix":[-0.2073,0.9589,-0.1938,0,0.9019,0.264,0.3418,0,0.3789,-0.1039,-0.9196,0,3.7771,-0.011,0.186,1],"rest":[-0.9998,0.0214,0,0,0.0214,0.9998,0,0,0,0,-1,0,3.5233,0,0,1],"parentBoneIndex":5,"length":3.8743
,"animation":{"dataType":3,"framePerSecond":30,"keys":[
{"frame":2,"values":[-0.2073,0.9589,-0.1938,0,0.9019,0.264,0.3418,0,0.3789,-0.1039,-0.9196,0,3.7771,-0.011,0.186,1]},
{"frame":31,"values":[-0.2073,0.9589,-0.1938,0,0.9019,0.264,0.3418,0,0.3789,-0.1039,-0.9196,0,3.7771,-0.011,0.186,1]}],"loopBehavior":1,"name":"anim","property":"_matrix"}},
{"name":"joint8","index":7,"matrix":[-0.0069,1,0,0,1,0.0069,0,0,0,0,-1,0,0.0626,1.5693,0,1],"rest":[-0.0069,1,0,0,1,0.0069,0,0,0,0,-1,0,0.0626,1.5692,0,1],"parentBoneIndex":0,"length":3.907
,"animation":{"dataType":3,"framePerSecond":30,"keys":[
{"frame":2,"values":[-0.0069,1,0,0,1,0.0069,0,0,0,0,-1,0,0.0626,1.5693,0,1]},
{"frame":3,"values":[-0.0069,0.9995,0.0305,0,1,0.0069,0,0,-0.0002,0.0305,-0.9995,0,0.0626,1.5692,0,1]},
{"frame":4,"values":[-0.0068,0.9981,0.061,0,1,0.0069,0,0,-0.0004,0.061,-0.9981,0,0.0626,1.5693,0,1]},
{"frame":5,"values":[-0.0068,0.9958,0.0915,0,1,0.0069,0,0,-0.0006,0.0915,-0.9958,0,0.0626,1.5693,0,1]},
{"frame":6,"values":[-0.0068,0.9925,0.1219,0,1,0.0069,0,0,-0.0008,0.1219,-0.9925,0,0.0626,1.5692,0,1]},
{"frame":7,"values":[-0.0068,0.9952,0.0976,0,1,0.0069,0,0,-0.0007,0.0976,-0.9952,0,0.0626,1.5693,0,1]},
{"frame":8,"values":[-0.0068,0.9973,0.0732,0,1,0.0069,0,0,-0.0005,0.0732,-0.9973,0,0.0626,1.5693,0,1]},
{"frame":9,"values":[-0.0068,0.9988,0.0488,0,1,0.0069,0,0,-0.0003,0.0488,-0.9988,0,0.0626,1.5692,0,1]},
{"frame":10,"values":[-0.0069,0.9997,0.0244,0,1,0.0069,0,0,-0.0002,0.0244,-0.9997,0,0.0626,1.5692,0,1]},
{"frame":11,"values":[-0.0069,1,0,0,1,0.0069,0,0,0,0,-1,0,0.0626,1.5693,0,1]},
{"frame":12,"values":[-0.0069,0.9997,0.0244,0,1,0.0069,0,0,-0.0002,0.0244,-0.9997,0,0.0626,1.5692,0,1]},
{"frame":13,"values":[-0.0068,0.9988,0.0488,0,1,0.0069,0,0,-0.0003,0.0488,-0.9988,0,0.0626,1.5692,0,1]},
{"frame":14,"values":[-0.0068,0.9973,0.0732,0,1,0.0069,0,0,-0.0005,0.0732,-0.9973,0,0.0626,1.5693,0,1]},
{"frame":15,"values":[-0.0068,0.9952,0.0976,0,1,0.0069,0,0,-0.0007,0.0976,-0.9952,0,0.0626,1.5692,0,1]},
{"frame":16,"values":[-0.0068,0.9925,0.1219,0,1,0.0069,0,0,-0.0008,0.1219,-0.9925,0,0.0626,1.5692,0,1]},
{"frame":17,"values":[-0.0068,0.9952,0.0976,0,1,0.0069,0,0,-0.0007,0.0976,-0.9952,0,0.0626,1.5693,0,1]},
{"frame":18,"values":[-0.0068,0.9973,0.0732,0,1,0.0069,0,0,-0.0005,0.0732,-0.9973,0,0.0626,1.5692,0,1]},
{"frame":19,"values":[-0.0068,0.9988,0.0488,0,1,0.0069,0,0,-0.0003,0.0488,-0.9988,0,0.0626,1.5692,0,1]},
{"frame":20,"values":[-0.0069,0.9997,0.0244,0,1,0.0069,0,0,-0.0002,0.0244,-0.9997,0,0.0626,1.5693,0,1]},
{"frame":21,"values":[-0.0069,1,0,0,1,0.0069,0,0,0,0,-1,0,0.0626,1.5692,0,1]},
{"frame":22,"values":[-0.0069,0.9997,0.0244,0,1,0.0069,0,0,-0.0002,0.0244,-0.9997,0,0.0626,1.5692,0,1]},
{"frame":23,"values":[-0.0068,0.9988,0.0488,0,1,0.0069,0,0,-0.0003,0.0488,-0.9988,0,0.0626,1.5692,0,1]},
{"frame":24,"values":[-0.0068,0.9973,0.0732,0,1,0.0069,0,0,-0.0005,0.0732,-0.9973,0,0.0626,1.5692,0,1]},
{"frame":25,"values":[-0.0068,0.9952,0.0976,0,1,0.0069,0,0,-0.0007,0.0976,-0.9952,0,0.0626,1.5692,0,1]},
{"frame":26,"values":[-0.0068,0.9925,0.1219,0,1,0.0069,0,0,-0.0008,0.1219,-0.9925,0,0.0626,1.5693,0,1]},
{"frame":27,"values":[-0.0068,0.9952,0.0976,0,1,0.0069,0,0,-0.0007,0.0976,-0.9952,0,0.0626,1.5692,0,1]},
{"frame":28,"values":[-0.0068,0.9973,0.0732,0,1,0.0069,0,0,-0.0005,0.0732,-0.9973,0,0.0626,1.5693,0,1]},
{"frame":29,"values":[-0.0068,0.9988,0.0488,0,1,0.0069,0,0,-0.0003,0.0488,-0.9988,0,0.0626,1.5693,0,1]},
{"frame":30,"values":[-0.0069,0.9997,0.0244,0,1,0.0069,0,0,-0.0002,0.0244,-0.9997,0,0.0626,1.5692,0,1]},
{"frame":31,"values":[-0.0069,1,0,0,1,0.0069,0,0,0,0,-1,0,0.0626,1.5693,0,1]}],"loopBehavior":1,"name":"anim","property":"_matrix"}},
{"name":"joint9","index":8,"matrix":[-0.0069,1,0,0,1,0.0069,0,0,0,0,-1,0,3.907,0,0,1],"rest":[-0.0069,1,0,0,1,0.0069,0,0,0,0,-1,0,3.907,0,0,1],"parentBoneIndex":7,"length":3.907
,"animation":{"dataType":3,"framePerSecond":30,"keys":[
{"frame":2,"values":[-0.0069,1,0,0,1,0.0069,0,0,0,0,-1,0,3.907,0,0,1]},
{"frame":31,"values":[-0.0069,1,0,0,1,0.0069,0,0,0,0,-1,0,3.907,0,0,1]}],"loopBehavior":1,"name":"anim","property":"_matrix"}},
{"name":"joint10","index":9,"matrix":[0.8941,-0.4479,0,0,0.4479,0.8941,0,0,0,0,1,0,-0.0106,-4.2903,0,1],"rest":[0.8941,-0.4479,0,0,0.4479,0.8941,0,0,0,0,1,0,-0.0106,-4.2903,0,1],"parentBoneIndex":0,"length":2.1208
,"animation":{"dataType":3,"framePerSecond":30,"keys":[
{"frame":2,"values":[0.8941,-0.4479,0,0,0.4479,0.8941,0,0,0,0,1,0,-0.0106,-4.2903,0,1]},
{"frame":3,"values":[0.8941,-0.4479,0,0,0.4479,0.8941,0,0,0,0,1,0,-0.0104,-4.2571,0,1]},
{"frame":4,"values":[0.8941,-0.4479,0,0,0.4479,0.8941,0,0,0,0,1,0,-0.0102,-4.2239,0,1]},
{"frame":5,"values":[0.8941,-0.4479,0,0,0.4479,0.8941,0,0,0,0,1,0,-0.0099,-4.1907,0,1]},
{"frame":6,"values":[0.8941,-0.4479,0,0,0.4479,0.8941,0,0,0,0,1,0,-0.0097,-4.1575,0,1]},
{"frame":7,"values":[0.8941,-0.4479,0,0,0.4479,0.8941,0,0,0,0,1,0,-0.0095,-4.1243,0,1]},
{"frame":8,"values":[0.8941,-0.4479,0,0,0.4479,0.8941,0,0,0,0,1,0,-0.0093,-4.091,0,1]},
{"frame":9,"values":[0.8941,-0.4479,0,0,0.4479,0.8941,0,0,0,0,1,0,-0.0091,-4.0578,0,1]},
{"frame":10,"values":[0.8941,-0.4479,0,0,0.4479,0.8941,0,0,0,0,1,0,-0.0089,-4.0246,0,1]},
{"frame":11,"values":[0.8941,-0.4479,0,0,0.4479,0.8941,0,0,0,0,1,0,-0.0086,-3.9914,0,1]},
{"frame":12,"values":[0.8941,-0.4479,0,0,0.4479,0.8941,0,0,0,0,1,0,-0.0084,-3.9582,0,1]},
{"frame":13,"values":[0.8941,-0.4479,0,0,0.4479,0.8941,0,0,0,0,1,0,-0.0082,-3.925,0,1]},
{"frame":14,"values":[0.8941,-0.4479,0,0,0.4479,0.8941,0,0,0,0,1,0,-0.008,-3.8917,0,1]},
{"frame":15,"values":[0.8941,-0.4479,0,0,0.4479,0.8941,0,0,0,0,1,0,-0.0078,-3.8585,0,1]},
{"frame":16,"values":[0.8941,-0.4479,0,0,0.4479,0.8941,0,0,0,0,1,0,-0.0076,-3.8253,0,1]},
{"frame":17,"values":[0.8941,-0.4479,0,0,0.4479,0.8941,0,0,0,0,1,0,-0.0078,-3.8563,0,1]},
{"frame":18,"values":[0.8941,-0.4479,0,0,0.4479,0.8941,0,0,0,0,1,0,-0.008,-3.8873,0,1]},
{"frame":19,"values":[0.8941,-0.4479,0,0,0.4479,0.8941,0,0,0,0,1,0,-0.0082,-3.9183,0,1]},
{"frame":20,"values":[0.8941,-0.4479,0,0,0.4479,0.8941,0,0,0,0,1,0,-0.0084,-3.9493,0,1]},
{"frame":21,"values":[0.8941,-0.4479,0,0,0.4479,0.8941,0,0,0,0,1,0,-0.0086,-3.9803,0,1]},
{"frame":22,"values":[0.8941,-0.4479,0,0,0.4479,0.8941,0,0,0,0,1,0,-0.0088,-4.0113,0,1]},
{"frame":23,"values":[0.8941,-0.4479,0,0,0.4479,0.8941,0,0,0,0,1,0,-0.009,-4.0423,0,1]},
{"frame":24,"values":[0.8941,-0.4479,0,0,0.4479,0.8941,0,0,0,0,1,0,-0.0092,-4.0733,0,1]},
{"frame":25,"values":[0.8941,-0.4479,0,0,0.4479,0.8941,0,0,0,0,1,0,-0.0094,-4.1043,0,1]},
{"frame":26,"values":[0.8941,-0.4479,0,0,0.4479,0.8941,0,0,0,0,1,0,-0.0096,-4.1353,0,1]},
{"frame":27,"values":[0.8941,-0.4479,0,0,0.4479,0.8941,0,0,0,0,1,0,-0.0098,-4.1663,0,1]},
{"frame":28,"values":[0.8941,-0.4479,0,0,0.4479,0.8941,0,0,0,0,1,0,-0.01,-4.1973,0,1]},
{"frame":29,"values":[0.8941,-0.4479,0,0,0.4479,0.8941,0,0,0,0,1,0,-0.0102,-4.2283,0,1]},
{"frame":30,"values":[0.8941,-0.4479,0,0,0.4479,0.8941,0,0,0,0,1,0,-0.0104,-4.2593,0,1]},
{"frame":31,"values":[0.8941,-0.4479,0,0,0.4479,0.8941,0,0,0,0,1,0,-0.0106,-4.2903,0,1]}],"loopBehavior":1,"name":"anim","property":"_matrix"}},
{"name":"joint11","index":10,"matrix":[0.5074,-0.7522,-0.4205,0,0.829,0.5592,0,0,0.2351,-0.3486,0.9073,0,2.1085,0,0,1],"rest":[0.5592,-0.829,0,0,0.829,0.5592,0,0,0,0,1,0,2.1085,0,0,1],"parentBoneIndex":9,"length":0.781
,"animation":{"dataType":3,"framePerSecond":30,"keys":[
{"frame":2,"values":[0.5074,-0.7522,-0.4205,0,0.829,0.5592,0,0,0.2351,-0.3486,0.9073,0,2.1085,0,0,1]},
{"frame":31,"values":[0.5074,-0.7522,-0.4205,0,0.829,0.5592,0,0,0.2351,-0.3486,0.9073,0,2.1085,0,0,1]}],"loopBehavior":1,"name":"anim","property":"_matrix"}},
{"name":"joint12","index":11,"matrix":[0.9887,-0.1498,0,0,-0.1498,-0.9887,0,0,0,0,-1,0,0.6564,0,0.2689,1],"rest":[0.9887,-0.1498,0,0,-0.1498,-0.9887,0,0,0,0,-1,0,0.781,0,0,1],"parentBoneIndex":10,"length":2.1785
,"animation":{"dataType":3,"framePerSecond":30,"keys":[
{"frame":2,"values":[0.9887,-0.1498,0,0,-0.1498,-0.9887,0,0,0,0,-1,0,0.6564,0,0.2689,1]},
{"frame":31,"values":[0.9887,-0.1498,0,0,-0.1498,-0.9887,0,0,0,0,-1,0,0.6564,0,0.2689,1]}],"loopBehavior":1,"name":"anim","property":"_matrix"}},
{"name":"joint13","index":12,"matrix":[0.9214,-0.0231,-0.3882,0,-0.0251,-0.9997,0,0,-0.3881,0.0097,-0.9216,0,1.7955,0.058,-0.8358,1],"rest":[0.9997,-0.0251,0,0,-0.0251,-0.9997,0,0,0,0,-1,0,2.1785,0,0,1],"parentBoneIndex":11,"length":2.3408
,"animation":{"dataType":3,"framePerSecond":30,"keys":[
{"frame":2,"values":[0.9214,-0.0231,-0.3882,0,-0.0251,-0.9997,0,0,-0.3881,0.0097,-0.9216,0,1.7955,0.058,-0.8358,1]},
{"frame":31,"values":[0.9214,-0.0231,-0.3882,0,-0.0251,-0.9997,0,0,-0.3881,0.0097,-0.9216,0,1.7955,0.058,-0.8358,1]}],"loopBehavior":1,"name":"anim","property":"_matrix"}},
{"name":"joint14","index":13,"matrix":[0.0037,1,0,0,-1,0.0037,0,0,0,0,1,0,2.3405,0,0,1],"rest":[0.0037,1,0,0,-1,0.0037,0,0,0,0,1,0,2.3408,0,0,1],"parentBoneIndex":12,"length":2.3407
,"animation":{"dataType":3,"framePerSecond":30,"keys":[
{"frame":2,"values":[0.0037,1,0,0,-1,0.0037,0,0,0,0,1,0,2.3405,0,0,1]},
{"frame":31,"values":[0.0037,1,0,0,-1,0.0037,0,0,0,0,1,0,2.3405,0,0,1]}],"loopBehavior":1,"name":"anim","property":"_matrix"}},
{"name":"joint15","index":14,"matrix":[0.3093,-0.8493,-0.4278,0,-0.9396,-0.3422,0,0,-0.1464,0.402,-0.9039,0,-1.2978,-1.693,0,1],"rest":[0.3422,-0.9396,0,0,-0.9396,-0.3422,0,0,0,0,-1,0,-1.2978,-1.693,0,1],"parentBoneIndex":9,"length":0.7237
,"animation":{"dataType":3,"framePerSecond":30,"keys":[
{"frame":2,"values":[0.3093,-0.8493,-0.4278,0,-0.9396,-0.3422,0,0,-0.1464,0.402,-0.9039,0,-1.2978,-1.693,0,1]},
{"frame":31,"values":[0.3093,-0.8493,-0.4278,0,-0.9396,-0.3422,0,0,-0.1464,0.402,-0.9039,0,-1.2978,-1.693,0,1]}],"loopBehavior":1,"name":"anim","property":"_matrix"}},
{"name":"joint16","index":15,"matrix":[0.9964,-0.0849,0,0,0.0849,0.9964,0,0,0,0,1,0,0.597,0,-0.2678,1],"rest":[0.9964,-0.0849,0,0,0.0849,0.9964,0,0,0,0,1,0,0.7237,0,0,1],"parentBoneIndex":14,"length":2.2113
,"animation":{"dataType":3,"framePerSecond":30,"keys":[
{"frame":2,"values":[0.9964,-0.0849,0,0,0.0849,0.9964,0,0,0,0,1,0,0.597,0,-0.2678,1]},
{"frame":31,"values":[0.9964,-0.0849,0,0,0.0849,0.9964,0,0,0,0,1,0,0.597,0,-0.2678,1]}],"loopBehavior":1,"name":"anim","property":"_matrix"}},
{"name":"joint17","index":16,"matrix":[0.9119,-0.0469,-0.4077,0,-0.0514,-0.9987,0,0,-0.4072,0.021,-0.9131,0,1.8187,-0.0335,-0.8326,1],"rest":[0.9987,-0.0514,0,0,-0.0514,-0.9987,0,0,0,0,-1,0,2.2113,0,0,1],"parentBoneIndex":15,"length":2.3555
,"animation":{"dataType":3,"framePerSecond":30,"keys":[
{"frame":2,"values":[0.9119,-0.0469,-0.4077,0,-0.0514,-0.9987,0,0,-0.4072,0.021,-0.9131,0,1.8187,-0.0335,-0.8326,1]},
{"frame":31,"values":[0.9119,-0.0469,-0.4077,0,-0.0514,-0.9987,0,0,-0.4072,0.021,-0.9131,0,1.8187,-0.0335,-0.8326,1]}],"loopBehavior":1,"name":"anim","property":"_matrix"}},
{"name":"joint18","index":17,"matrix":[0.4668,0.8844,0,0,-0.8844,0.4668,0,0,0,0,1,0,2.3556,0,0,1],"rest":[0.4668,0.8844,0,0,-0.8844,0.4668,0,0,0,0,1,0,2.3555,0,0,1],"parentBoneIndex":16,"length":2.3555
,"animation":{"dataType":3,"framePerSecond":30,"keys":[
{"frame":2,"values":[0.4668,0.8844,0,0,-0.8844,0.4668,0,0,0,0,1,0,2.3556,0,0,1]},
{"frame":31,"values":[0.4668,0.8844,0,0,-0.8844,0.4668,0,0,0,0,1,0,2.3556,0,0,1]}],"loopBehavior":1,"name":"anim","property":"_matrix"}}]
,"ranges":[{"name":"Armature|Take 001|BaseLayer","from":0,"to":31}]}],
"meshes":[{"name":"MonkeyClap","id":"MonkeyClap","materialId":"MonkeyClap.phong1","billboardMode":0,"position":[0,0,0],"rotation":[0,0,0],"scaling":[1,1,1],"isVisible":true,"freezeWorldMatrix":false,"isEnabled":true,"checkCollisions":false,"receiveShadows":false,"tags":"","skeletonId":0,"numBoneInfluencers":4
,"positions":[0.2033,6.9668,-2.4981,-0.4488,10.7671,-2.6126,-0.2394,6.8847,-2.5684,0.1909,18.7384,0.4098,-0.2415,18.7384,-0.4098,0.1909,18.7384,-0.4098,0.2267,10.0824,2.1009,-0.3112,6.3554,2.1411,-0.2325,10.0446,2.2529,0.172,4.8463,0.7275,-0.1821,5.1858,-0.7846,-0.2265,4.8605,0.7377,2.6354,6.8474,-0.6093,2.5828,10.2549,0.3955,2.7344,10.409,-0.6408,-2.482,10.0373,0.8441,-2.6842,6.8435,-0.6283
,-2.9141,10.4082,-0.8851,0.3192,5.471,2.101,-0.2402,4.7595,1.0986,-0.2987,5.621,2.1101,0.1825,6.4974,-2.5444,-0.1919,5.2449,-1.7496,0.1333,5.2011,-1.7539,0.2989,12.6296,-1.5166,-0.2879,12.0534,-2.485,0.6022,12.0909,-2.4394,2.9222,11.1986,0.6617,2.1615,12.4184,-0.2537,3.476,11.5631,-0.6594,0.1029,12.4307,1.6973,-0.3403,11.6837,2.1565,-0.2433,12.4399,1.7389,-3.1406,11.0475,0.4408
,-2.2016,12.3934,-0.3922,-2.0352,12.3068,0.5806,-3.3792,11.4333,-0.9609,-2.1414,12.5427,-1.5035,0.2066,17.8025,-2.4768,-0.2415,17.8053,-0.4098,-0.2538,17.8052,-2.4838,2.2977,12.5414,-1.3288,3.2799,11.7981,-2.1849,2.6138,7.045,-2.4732,3.0072,10.6091,-2.2341,2.6287,6.434,-0.5785,1.1859,5.3006,-1.7662,1.1759,5.3929,-0.7974,0.1383,5.1553,-0.7911,-0.1919,5.2449,-1.7496,-2.6785,6.4105,-0.6643
,-1.2291,5.3067,-1.7671,-2.6467,6.6441,-2.506,-2.6615,7.0104,-2.5031,-2.7878,10.6217,-2.4721,-2.7385,5.971,0.9378,-1.3117,4.7009,1.0248,-1.2986,4.7975,0.6734,0.1824,4.7507,1.0911,-0.2402,4.7595,1.0986,2.6808,5.9558,0.9552,1.2524,4.6913,1.0234,2.7072,5.7136,2.1351,2.6445,10.1671,2.0987,2.6724,6.5081,1.0234,2.6825,6.4151,2.1904,2.0504,12.2861,0.6619,2.9431,11.4054,1.8513
,1.7754,12.3702,1.6291,0.195,17.8029,0.4153,-0.2543,17.7979,2.5048,-0.2415,17.8053,0.4098,-1.9524,12.1913,1.7131,-2.6349,11.1405,2.1286,-2.7309,6.5014,1.0232,-2.4354,9.7685,2.1621,-2.7596,6.2909,2.2176,1.2566,0.0187,0.6097,2.5623,0.0865,-1.0315,1.1646,0.0976,-0.9973,-2.6884,0.003,0.5138,-1.2068,0.0865,-0.9772,-2.6018,0.102,-1.1049,-1.9173,12.7273,-0.3476,-1.8835,12.6633,0.6463
,1.9484,12.7018,-0.2301,0.2067,12.8216,-1.5755,-0.2362,12.5854,-1.5623,1.968,12.7621,-1.4314,1.8168,12.6327,0.7027,-0.2083,12.7161,1.713,0.1207,12.7124,1.6842,-1.7986,12.6262,1.7636,-1.9173,12.7273,-0.3476,-2.6059,12.6294,0.8227,-1.8835,12.6633,0.6463,1.9484,12.7018,-0.2301,2.5132,12.5785,0.8722,2.6368,12.6399,-0.5485,0.3878,12.8161,-2.3774,-0.1909,12.8114,-1.5937,0.2067,12.8216,-1.5755
,1.968,12.7621,-1.4314,2.7166,12.7162,-2.2701,-1.8873,12.7728,-1.5577,-2.6361,12.688,-0.6588,-1.9173,12.7273,-0.3476,1.6656,12.7124,1.6842,1.8168,12.6327,0.7027,0.1955,12.7122,2.498,-0.2083,12.7161,1.713,-0.2713,12.7035,2.5186,-1.7986,12.6262,1.7636,-2.5559,12.5939,2.5341,-4.0057,15.313,-0.7222,-4.0077,17.1828,0.7771,-4.0138,15.2875,0.7845,3.9389,15.2823,0.7965,3.9577,17.1672,-0.6856
,3.9688,15.2641,-0.6589,0.2066,17.8025,-2.4768,-0.2821,14.7626,-2.4633,0.252,14.7596,-2.4424,2.6398,14.6972,-2.3048,2.5025,17.781,-0.7085,2.5456,17.7647,-2.402,-2.6047,14.7416,-2.4318,-2.5614,17.7879,-0.7194,-2.6165,14.7113,-0.6721,2.5341,14.6377,0.877,2.4926,17.75,2.5447,2.5066,17.7583,0.8069,0.1997,17.7939,2.5096,-0.2739,14.7332,2.5219,-0.2543,17.7979,2.5048,-2.5996,14.6895,0.814
,-2.5773,17.7512,2.5408,-2.5921,14.6476,2.5602,2.399,12.5517,2.5276,2.5132,12.5785,0.8722,0.1955,12.7122,2.498,0.2046,14.7328,2.5179,-2.6059,12.6294,0.8227,-2.5559,12.5939,2.5341,-2.6361,12.688,-0.6588,-2.6059,12.6294,0.8227,-2.6497,12.7439,-2.4023,-2.6361,12.688,-0.6588,0.2794,14.7668,-2.9861,-0.3258,12.7848,-3.0027,0.3304,12.7861,-2.976,2.7166,12.7162,-2.2701,2.5793,14.6686,-0.5973
,2.6368,12.6399,-0.5485,0.3304,12.7861,-2.976,-0.3528,12.8027,-2.4195,2.6719,12.729,-2.8858,2.7166,12.7162,-2.2701,0.2794,14.7668,-2.9861,-0.2821,14.7626,-2.4633,-0.301,14.7719,-3.0144,-2.6496,12.7566,-2.9691,-2.6598,14.747,-2.9535,-0.2383,6.5426,-2.5141,2.6053,6.6485,-2.4965,-2.772,5.7252,2.1268,-1.2291,5.3067,-1.7671,-1.2165,5.3991,-0.8015,-0.1919,5.2449,-1.7496,-1.2291,5.3067,-1.7671
,-1.2986,4.7975,0.6734,-1.3117,4.7009,1.0248,-1.2986,4.7975,0.6734,-1.3117,4.7009,1.0248,-2.772,5.7252,2.1268,-2.772,5.7252,2.1268,-2.7596,6.2909,2.2176,-2.4354,9.7685,2.1621,-2.7596,6.2909,2.2176,-1.9524,12.1913,1.7131,-1.7986,12.6262,1.7636,-1.7986,12.6262,1.7636,-0.2713,12.7035,2.5186,-2.5921,14.6476,2.5602,-2.5773,17.7512,2.5408,-0.2543,17.7979,2.5048,-2.5541,17.7859,0.7713
,-2.5773,17.7512,2.5408,-2.5614,17.7879,-0.7194,-2.5614,17.7879,-0.7194,-2.5594,17.7957,-2.4676,-2.6047,14.7416,-2.4318,-2.6598,14.747,-2.9535,-2.6598,14.747,-2.9535,-2.6496,12.7566,-2.9691,-2.6496,12.7566,-2.9691,-2.6497,12.7439,-2.4023,-2.6497,12.7439,-2.4023,-1.8873,12.7728,-1.5577,-2.1414,12.5427,-1.5035,-2.1414,12.5427,-1.5035,-3.0547,11.884,-2.4251,-2.6615,7.0104,-2.5031,-2.7878,10.6217,-2.4721
,-2.6467,6.6441,-2.506,-2.6615,7.0104,-2.5031,0.1333,5.2011,-1.7539,1.1759,5.3929,-0.7974,1.1859,5.3006,-1.7662,1.1859,5.3006,-1.7662,2.6053,6.6485,-2.4965,2.6053,6.6485,-2.4965,2.6138,7.045,-2.4732,0.5885,10.6616,-2.6426,2.6138,7.045,-2.4732,3.0072,10.6091,-2.2341,2.2977,12.5414,-1.3288,1.968,12.7621,-1.4314,1.968,12.7621,-1.4314,2.6719,12.729,-2.8858,0.3304,12.7861,-2.976
,2.6286,14.7143,-2.8916,0.252,14.7596,-2.4424,2.6286,14.7143,-2.8916,2.6398,14.6972,-2.3048,2.5025,17.781,-0.7085,0.1909,17.8053,-0.4098,2.5025,17.781,-0.7085,2.5066,17.7583,0.8069,0.1997,17.7939,2.5096,2.5066,17.7583,0.8069,2.4926,17.75,2.5447,2.4926,17.75,2.5447,2.4762,14.6363,2.5686,0.1955,12.7122,2.498,2.399,12.5517,2.5276,2.399,12.5517,2.5276,1.6656,12.7124,1.6842
,1.7754,12.3702,1.6291,0.2053,11.6258,2.0987,1.7754,12.3702,1.6291,2.9431,11.4054,1.8513,2.6825,6.4151,2.1904,0.3085,6.1884,2.1799,2.7072,5.7136,2.1351,1.2524,4.6913,1.0234,0.1824,4.7507,1.0911,1.2524,4.6913,1.0234,1.2417,4.7898,0.6748,1.1759,5.3929,-0.7974,0.3085,6.1884,2.1799,-0.4118,5.8203,3.2459,-0.3112,6.3554,2.1411,0.3192,5.471,2.101,0.4459,5.7373,3.2368
,0.3085,6.1884,2.1799,0.3192,5.471,2.101,-0.4101,4.9614,2.9244,0.4412,4.9378,2.9065,-0.2987,5.621,2.1101,-2.6165,14.7113,-0.6721,-4.0138,15.2875,0.7845,-2.5996,14.6895,0.814,-2.6165,14.7113,-0.6721,-3.995,17.2031,-0.7324,-4.0057,15.313,-0.7222,-3.995,17.2031,-0.7324,-2.5614,17.7879,-0.7194,-2.5996,14.6895,0.814,-4.0077,17.1828,0.7771,-2.5541,17.7859,0.7713,2.5793,14.6686,-0.5973
,3.9389,15.2823,0.7965,3.9688,15.2641,-0.6589,2.5066,17.7583,0.8069,3.9389,15.2823,0.7965,2.5341,14.6377,0.877,2.5025,17.781,-0.7085,3.9364,17.1894,0.7752,2.5066,17.7583,0.8069,2.5793,14.6686,-0.5973,3.9577,17.1672,-0.6856,2.5025,17.781,-0.7085,-1.8704,15.4663,-2.4691,-2.6047,14.7416,-2.4318,-0.2538,17.8052,-2.4838,-0.9461,15.4693,-2.4813,-2.5594,17.7957,-2.4676,-0.9447,17.0867,-2.482
,-0.2538,17.8052,-2.4838,-2.6047,14.7416,-2.4318,-1.8738,17.0814,-2.4656,-2.5594,17.7957,-2.4676,0.8994,17.0829,-2.472,0.2066,17.8025,-2.4768,1.8532,15.4523,-2.4226,0.9361,15.4646,-2.4381,2.5456,17.7647,-2.402,2.6398,14.6972,-2.3048,0.2066,17.8025,-2.4768,1.811,17.0786,-2.467,2.5456,17.7647,-2.402,-2.6349,11.1405,2.1286,-2.4354,9.7685,2.1621,2.6445,10.1671,2.0987,2.9431,11.4054,1.8513
,0.1524,9.8199,-4.1255,0.857,8.1567,-5.2424,1.0483,9.6233,-5.7405,3.0072,10.6091,-2.2341,3.2799,11.7981,-2.1849,-2.7878,10.6217,-2.4721,-3.0547,11.884,-2.4251,0.2029,8.1684,-5.315,0.5539,9.7171,-3.9983,0.3313,9.7195,-5.5352,1.5537,9.4539,-3.7305,-0.151,8.4063,-3.7085,0.1524,9.8199,-4.1255,2.5292,9.3495,-5.0073,0.857,8.1567,-5.2424,2.2249,8.0361,-4.4723,-0.8524,9.4793,-3.9561
,0.5729,8.2005,-3.8435,-0.9136,8.0607,-3.6043,1.2497,8.1384,-3.1925,0.857,8.1567,-5.2424,-0.151,8.4063,-3.7085,1.5537,9.4539,-3.7305,1.0483,9.6233,-5.7405,2.5292,9.3495,-5.0073,-0.9136,8.0607,-3.6043,0.2029,8.1684,-5.315,-1.4083,8.1921,-4.8606,-0.8524,9.4793,-3.9561,0.3313,9.7195,-5.5352,0.5539,9.7171,-3.9983,-1.3483,9.5908,-5.2478,0.2029,8.1684,-5.315,0.3313,9.7195,-5.5352
,1.2468,0.5392,0.4869,1.1646,0.0976,-0.9973,1.1541,0.6923,-1.201,-2.6792,0.5305,0.2151,-2.6018,0.102,-1.1049,-2.5956,0.6952,-1.2493,1.2468,0.5392,0.4869,2.6516,0.0201,0.4852,1.2566,0.0187,0.6097,2.6405,0.5468,0.2082,2.5623,0.0865,-1.0315,2.6516,0.0201,0.4852,2.5545,0.7013,-1.2511,1.1646,0.0976,-0.9973,2.5623,0.0865,-1.0315,-1.2806,0.5165,0.3427,-2.6884,0.003,0.5138
,-2.6792,0.5305,0.2151,-1.2806,0.5165,0.3427,-1.2068,0.0865,-0.9772,-1.2906,0.0016,0.551,-1.1987,0.6511,-1.0757,-2.6018,0.102,-1.1049,-1.2068,0.0865,-0.9772,0.1909,18.2353,-0.4098,0.1909,18.7384,0.4098,0.1909,18.7384,-0.4098,0.1909,18.7384,0.4098,-0.2415,18.2353,0.4098,-0.2415,18.7384,0.4098,-0.2415,18.2353,0.4098,-0.2415,18.7384,-0.4098,-0.2415,18.7384,0.4098,0.1909,18.2353,-0.4098
