{"producer":{"name":"Blender","version":"2.78 (sub 0)","exporter_version":"5.4.0","file":"MonkeyClimb.babylon"},
"autoClear":true,"clearColor":[0.0509,0.0509,0.0509],"ambientColor":[0,0,0],"gravity":[0,-9.81,0],
"materials":[{"name":"MonkeyClimb.phong1.001","id":"MonkeyClimb.phong1.001","ambient":[1,1,1],"diffuse":[1,1,1],"specular":[0,0,0],"emissive":[0.1,0.1,0.1],"specularPower":1,"alpha":1,"backFaceCulling":true,"checkReadyOnlyOnce":false,"maxSimultaneousLights":4, 
"diffuseTexture":{"name":"MonkeyApe.png","level":1,"hasAlpha":1,"coordinatesMode":0,"uOffset":0,"vOffset":0,"uScale":1,"vScale":1,"uAng":0,"vAng":0,"wAng":0,"wrapU":1,"wrapV":1,"coordinatesIndex":0}}],
"multiMaterials":[],
"skeletons":[{"name":"Armature","id":0,"dimensionsAtRest":[7.2923,7.9613,0],"bones":[
{"name":"joint1","index":0,"matrix":[-1,0.0065,0,0,0.0065,1,0,0,0,0,1,0,0.0101,4.1726,0,1],"rest":[-1,0.0065,0,0,0.0065,1,0,0,0,0,1,0,0.0101,-4.044,0,1],"parentBoneIndex":-1,"length":1.1164
,"animation":{"dataType":3,"framePerSecond":30,"keys":[
{"frame":2,"values":[-1,0.0065,0,0,0.0065,1,0,0,0,0,1,0,0.0101,4.1726,0,1]},
{"frame":31,"values":[-1,0.0065,0,0,0.0065,1,0,0,0,0,1,0,0.0101,4.1726,0,1]},
{"frame":42,"values":[-1,0.0065,0,0,0.0065,1,0,0,0,0,1,0,0.0101,4.1726,0,1]},
{"frame":71,"values":[-1,0.0065,0,0,0.0065,1,0,0,0,0,1,0,0.0101,4.1726,0,1]}],"loopBehavior":1,"name":"anim","property":"_matrix"}},
{"name":"joint2","index":1,"matrix":[0.6115,-0.004,-0.7913,0,0.0065,1,0,0,0.7912,-0.0052,0.6115,0,1.0674,0,0,1],"rest":[1,-0.0065,0,0,0.0065,1,0,0,0,0,1,0,1.0674,0,0,1],"parentBoneIndex":0,"length":1.165
,"animation":{"dataType":3,"framePerSecond":30,"keys":[
{"frame":2,"values":[0.6115,-0.004,-0.7913,0,0.0065,1,0,0,0.7912,-0.0052,0.6115,0,1.0674,0,0,1]},
{"frame":31,"values":[0.6115,-0.004,-0.7913,0,0.0065,1,0,0,0.7912,-0.0052,0.6115,0,1.0674,0,0,1]},
{"frame":42,"values":[0.6115,-0.004,-0.7913,0,0.0065,1,0,0,0.7912,-0.0052,0.6115,0,1.0674,0,0,1]},
{"frame":71,"values":[0.6115,-0.004,-0.7913,0,0.0065,1,0,0,0.7912,-0.0052,0.6115,0,1.0674,0,0,1]}],"loopBehavior":1,"name":"anim","property":"_matrix"}},
{"name":"joint3","index":2,"matrix":[0.6301,0.0062,-0.7765,0,-0.0098,1,0,0,0.7765,0.0076,0.6301,0,1.165,-2.2164,0,1],"rest":[1,0.0098,0,0,-0.0098,1,0,0,0,0,1,0,1.165,0,0,1],"parentBoneIndex":1,"length":1.4232
,"animation":{"dataType":3,"framePerSecond":30,"keys":[
{"frame":2,"values":[0.6301,0.0062,-0.7765,0,-0.0098,1,0,0,0.7765,0.0076,0.6301,0,1.165,-2.2164,0,1]},
{"frame":3,"values":[0.6301,0.0062,-0.7765,0,-0.0098,1,0,0,0.7765,0.0076,0.6301,0,1.165,-1.9979,0,1]},
{"frame":4,"values":[0.6301,0.0062,-0.7765,0,-0.0098,1,0,0,0.7765,0.0076,0.6301,0,1.165,-1.7794,0,1]},
{"frame":5,"values":[0.6301,0.0062,-0.7765,0,-0.0098,1,0,0,0.7765,0.0076,0.6301,0,1.165,-1.5608,0,1]},
{"frame":6,"values":[0.6301,0.0062,-0.7765,0,-0.0098,1,0,0,0.7765,0.0076,0.6301,0,1.165,-1.3423,0,1]},
{"frame":7,"values":[0.6301,0.0062,-0.7765,0,-0.0098,1,0,0,0.7765,0.0076,0.6301,0,1.165,-1.1238,0,1]},
{"frame":8,"values":[0.6301,0.0062,-0.7765,0,-0.0098,1,0,0,0.7765,0.0076,0.6301,0,1.165,-0.9053,0,1]},
{"frame":9,"values":[0.6301,0.0062,-0.7765,0,-0.0098,1,0,0,0.7765,0.0076,0.6301,0,1.165,-0.6867,0,1]},
{"frame":10,"values":[0.6301,0.0062,-0.7765,0,-0.0098,1,0,0,0.7765,0.0076,0.6301,0,1.165,-0.4682,0,1]},
{"frame":11,"values":[0.6301,0.0062,-0.7765,0,-0.0098,1,0,0,0.7765,0.0076,0.6301,0,1.165,-0.2497,0,1]},
{"frame":12,"values":[0.6301,0.0062,-0.7765,0,-0.0098,1,0,0,0.7765,0.0076,0.6301,0,1.165,-0.0311,0,1]},
{"frame":13,"values":[0.6301,0.0062,-0.7765,0,-0.0098,1,0,0,0.7765,0.0076,0.6301,0,1.165,0.1874,0,1]},
{"frame":14,"values":[0.6301,0.0062,-0.7765,0,-0.0098,1,0,0,0.7765,0.0076,0.6301,0,1.165,0.4059,0,1]},
{"frame":15,"values":[0.6301,0.0062,-0.7765,0,-0.0098,1,0,0,0.7765,0.0076,0.6301,0,1.165,0.6244,0,1]},
{"frame":16,"values":[0.6301,0.0062,-0.7765,0,-0.0098,1,0,0,0.7765,0.0076,0.6301,0,1.165,0.843,0,1]},
{"frame":17,"values":[0.6301,0.0062,-0.7765,0,-0.0098,1,0,0,0.7765,0.0076,0.6301,0,1.165,0.639,0,1]},
{"frame":18,"values":[0.6301,0.0062,-0.7765,0,-0.0098,1,0,0,0.7765,0.0076,0.6301,0,1.165,0.4351,0,1]},
{"frame":19,"values":[0.6301,0.0062,-0.7765,0,-0.0098,1,0,0,0.7765,0.0076,0.6301,0,1.165,0.2311,0,1]},
{"frame":20,"values":[0.6301,0.0062,-0.7765,0,-0.0098,1,0,0,0.7765,0.0076,0.6301,0,1.165,0.0271,0,1]},
{"frame":21,"values":[0.6301,0.0062,-0.7765,0,-0.0098,1,0,0,0.7765,0.0076,0.6301,0,1.165,-0.1768,0,1]},
{"frame":22,"values":[0.6301,0.0062,-0.7765,0,-0.0098,1,0,0,0.7765,0.0076,0.6301,0,1.165,-0.3808,0,1]},
{"frame":23,"values":[0.6301,0.0062,-0.7765,0,-0.0098,1,0,0,0.7765,0.0076,0.6301,0,1.165,-0.5848,0,1]},
{"frame":24,"values":[0.6301,0.0062,-0.7765,0,-0.0098,1,0,0,0.7765,0.0076,0.6301,0,1.165,-0.7887,0,1]},
{"frame":25,"values":[0.6301,0.0062,-0.7765,0,-0.0098,1,0,0,0.7765,0.0076,0.6301,0,1.165,-0.9927,0,1]},
{"frame":26,"values":[0.6301,0.0062,-0.7765,0,-0.0098,1,0,0,0.7765,0.0076,0.6301,0,1.165,-1.1966,0,1]},
{"frame":27,"values":[0.6301,0.0062,-0.7765,0,-0.0098,1,0,0,0.7765,0.0076,0.6301,0,1.165,-1.4006,0,1]},
{"frame":28,"values":[0.6301,0.0062,-0.7765,0,-0.0098,1,0,0,0.7765,0.0076,0.6301,0,1.165,-1.6046,0,1]},
{"frame":29,"values":[0.6301,0.0062,-0.7765,0,-0.0098,1,0,0,0.7765,0.0076,0.6301,0,1.165,-1.8085,0,1]},
{"frame":30,"values":[0.6301,0.0062,-0.7765,0,-0.0098,1,0,0,0.7765,0.0076,0.6301,0,1.165,-2.0125,0,1]},
{"frame":31,"values":[0.6301,0.0062,-0.7765,0,-0.0098,1,0,0,0.7765,0.0076,0.6301,0,1.165,-2.2164,0,1]},
{"frame":42,"values":[0.6301,0.0062,-0.7765,0,-0.0098,1,0,0,0.7765,0.0076,0.6301,0,1.165,-2.2164,0,1]},
{"frame":43,"values":[0.6301,0.0062,-0.7765,0,-0.0098,1,0,0,0.7765,0.0076,0.6301,0,1.165,-1.9979,0,1]},
{"frame":44,"values":[0.6301,0.0062,-0.7765,0,-0.0098,1,0,0,0.7765,0.0076,0.6301,0,1.165,-1.7794,0,1]},
{"frame":45,"values":[0.6301,0.0062,-0.7765,0,-0.0098,1,0,0,0.7765,0.0076,0.6301,0,1.165,-1.5608,0,1]},
{"frame":46,"values":[0.6301,0.0062,-0.7765,0,-0.0098,1,0,0,0.7765,0.0076,0.6301,0,1.165,-1.3423,0,1]},
{"frame":47,"values":[0.6301,0.0062,-0.7765,0,-0.0098,1,0,0,0.7765,0.0076,0.6301,0,1.165,-1.1238,0,1]},
{"frame":48,"values":[0.6301,0.0062,-0.7765,0,-0.0098,1,0,0,0.7765,0.0076,0.6301,0,1.165,-0.9053,0,1]},
{"frame":49,"values":[0.6301,0.0062,-0.7765,0,-0.0098,1,0,0,0.7765,0.0076,0.6301,0,1.165,-0.6867,0,1]},
{"frame":50,"values":[0.6301,0.0062,-0.7765,0,-0.0098,1,0,0,0.7765,0.0076,0.6301,0,1.165,-0.4682,0,1]},
{"frame":51,"values":[0.6301,0.0062,-0.7765,0,-0.0098,1,0,0,0.7765,0.0076,0.6301,0,1.165,-0.2497,0,1]},
{"frame":52,"values":[0.6301,0.0062,-0.7765,0,-0.0098,1,0,0,0.7765,0.0076,0.6301,0,1.165,-0.0311,0,1]},
{"frame":53,"values":[0.6301,0.0062,-0.7765,0,-0.0098,1,0,0,0.7765,0.0076,0.6301,0,1.165,0.1874,0,1]},
{"frame":54,"values":[0.6301,0.0062,-0.7765,0,-0.0098,1,0,0,0.7765,0.0076,0.6301,0,1.165,0.4059,0,1]},
{"frame":55,"values":[0.6301,0.0062,-0.7765,0,-0.0098,1,0,0,0.7765,0.0076,0.6301,0,1.165,0.6244,0,1]},
{"frame":56,"values":[0.6301,0.0062,-0.7765,0,-0.0098,1,0,0,0.7765,0.0076,0.6301,0,1.165,0.843,0,1]},
{"frame":57,"values":[0.6301,0.0062,-0.7765,0,-0.0098,1,0,0,0.7765,0.0076,0.6301,0,1.165,0.639,0,1]},
{"frame":58,"values":[0.6301,0.0062,-0.7765,0,-0.0098,1,0,0,0.7765,0.0076,0.6301,0,1.165,0.4351,0,1]},
{"frame":59,"values":[0.6301,0.0062,-0.7765,0,-0.0098,1,0,0,0.7765,0.0076,0.6301,0,1.165,0.2311,0,1]},
{"frame":60,"values":[0.6301,0.0062,-0.7765,0,-0.0098,1,0,0,0.7765,0.0076,0.6301,0,1.165,0.0271,0,1]},
{"frame":61,"values":[0.6301,0.0062,-0.7765,0,-0.0098,1,0,0,0.7765,0.0076,0.6301,0,1.165,-0.1768,0,1]},
{"frame":62,"values":[0.6301,0.0062,-0.7765,0,-0.0098,1,0,0,0.7765,0.0076,0.6301,0,1.165,-0.3808,0,1]},
{"frame":63,"values":[0.6301,0.0062,-0.7765,0,-0.0098,1,0,0,0.7765,0.0076,0.6301,0,1.165,-0.5848,0,1]},
{"frame":64,"values":[0.6301,0.0062,-0.7765,0,-0.0098,1,0,0,0.7765,0.0076,0.6301,0,1.165,-0.7887,0,1]},
{"frame":65,"values":[0.6301,0.0062,-0.7765,0,-0.0098,1,0,0,0.7765,0.0076,0.6301,0,1.165,-0.9927,0,1]},
{"frame":66,"values":[0.6301,0.0062,-0.7765,0,-0.0098,1,0,0,0.7765,0.0076,0.6301,0,1.165,-1.1966,0,1]},
{"frame":67,"values":[0.6301,0.0062,-0.7765,0,-0.0098,1,0,0,0.7765,0.0076,0.6301,0,1.165,-1.4006,0,1]},
{"frame":68,"values":[0.6301,0.0062,-0.7765,0,-0.0098,1,0,0,0.7765,0.0076,0.6301,0,1.165,-1.6046,0,1]},
{"frame":69,"values":[0.6301,0.0062,-0.7765,0,-0.0098,1,0,0,0.7765,0.0076,0.6301,0,1.165,-1.8085,0,1]},
{"frame":70,"values":[0.6301,0.0062,-0.7765,0,-0.0098,1,0,0,0.7765,0.0076,0.6301,0,1.165,-2.0125,0,1]},
{"frame":71,"values":[0.6301,0.0062,-0.7765,0,-0.0098,1,0,0,0.7765,0.0076,0.6301,0,1.165,-2.2164,0,1]}],"loopBehavior":1,"name":"anim","property":"_matrix"}},
{"name":"joint4","index":3,"matrix":[-1,0.0098,0,0,0.0098,1,0,0,0,0,-1,0,1.4232,0,0,1],"rest":[-1,0.0098,0,0,0.0098,1,0,0,0,0,-1,0,1.4232,0,0,1],"parentBoneIndex":2,"length":1.4232
,"animation":{"dataType":3,"framePerSecond":30,"keys":[
{"frame":2,"values":[-1,0.0098,0,0,0.0098,1,0,0,0,0,-1,0,1.4232,0,0,1]},
{"frame":31,"values":[-1,0.0098,0,0,0.0098,1,0,0,0,0,-1,0,1.4232,0,0,1]},
{"frame":42,"values":[-1,0.0098,0,0,0.0098,1,0,0,0,0,-1,0,1.4232,0,0,1]},
{"frame":71,"values":[-1,0.0098,0,0,0.0098,1,0,0,0,0,-1,0,1.4232,0,0,1]}],"loopBehavior":1,"name":"anim","property":"_matrix"}},
{"name":"joint5","index":4,"matrix":[-0.3665,-0.002,-0.9304,0,-0.0054,1,0,0,0.9304,0.0051,-0.3665,0,-1.0532,0.0348,0,1],"rest":[-1,-0.0054,0,0,-0.0054,1,0,0,0,0,-1,0,-1.0532,0.0348,0,1],"parentBoneIndex":0,"length":1.1651
,"animation":{"dataType":3,"framePerSecond":30,"keys":[
{"frame":2,"values":[-0.3665,-0.002,-0.9304,0,-0.0054,1,0,0,0.9304,0.0051,-0.3665,0,-1.0532,0.0348,0,1]},
{"frame":31,"values":[-0.3665,-0.002,-0.9304,0,-0.0054,1,0,0,0.9304,0.0051,-0.3665,0,-1.0532,0.0348,0,1]},
{"frame":42,"values":[-0.3665,-0.002,-0.9304,0,-0.0054,1,0,0,0.9304,0.0051,-0.3665,0,-1.0532,0.0348,0,1]},
{"frame":71,"values":[-0.3665,-0.002,-0.9304,0,-0.0054,1,0,0,0.9304,0.0051,-0.3665,0,-1.0532,0.0348,0,1]}],"loopBehavior":1,"name":"anim","property":"_matrix"}},
{"name":"joint6","index":5,"matrix":[0.8288,0.0222,0.5591,0,-0.0268,0.9996,0,0,-0.5589,-0.015,0.8291,0,1.1586,1.4713,0.0164,1],"rest":[0.9996,0.0268,0,0,-0.0268,0.9996,0,0,0,0,1,0,1.1651,0,0,1],"parentBoneIndex":4,"length":1.4093
,"animation":{"dataType":3,"framePerSecond":30,"keys":[
{"frame":2,"values":[0.8288,0.0222,0.5591,0,-0.0268,0.9996,0,0,-0.5589,-0.015,0.8291,0,1.1586,1.4713,0.0164,1]},
{"frame":3,"values":[0.8288,0.0222,0.5591,0,-0.0268,0.9996,0,0,-0.5589,-0.015,0.8291,0,1.1597,1.2242,0.0136,1]},
{"frame":4,"values":[0.8288,0.0222,0.5591,0,-0.0268,0.9996,0,0,-0.5589,-0.015,0.8291,0,1.1608,0.977,0.0109,1]},
{"frame":5,"values":[0.8288,0.0222,0.5591,0,-0.0268,0.9996,0,0,-0.5589,-0.015,0.8291,0,1.1619,0.7298,0.0081,1]},
{"frame":6,"values":[0.8288,0.0222,0.5591,0,-0.0268,0.9996,0,0,-0.5589,-0.015,0.8291,0,1.163,0.4826,0.0054,1]},
{"frame":7,"values":[0.8288,0.0222,0.5591,0,-0.0268,0.9996,0,0,-0.5589,-0.015,0.8291,0,1.1641,0.2355,0.0026,1]},
{"frame":8,"values":[0.8288,0.0222,0.5591,0,-0.0268,0.9996,0,0,-0.5589,-0.015,0.8291,0,1.1651,-0.0117,-0.0001,1]},
{"frame":9,"values":[0.8288,0.0222,0.5591,0,-0.0268,0.9996,0,0,-0.5589,-0.015,0.8291,0,1.1662,-0.2589,-0.0029,1]},
{"frame":10,"values":[0.8288,0.0222,0.5591,0,-0.0268,0.9996,0,0,-0.5589,-0.015,0.8291,0,1.1673,-0.5061,-0.0056,1]},
{"frame":11,"values":[0.8288,0.0222,0.5591,0,-0.0268,0.9996,0,0,-0.5589,-0.015,0.8291,0,1.1684,-0.7532,-0.0084,1]},
{"frame":12,"values":[0.8288,0.0222,0.5591,0,-0.0268,0.9996,0,0,-0.5589,-0.015,0.8291,0,1.1695,-1.0004,-0.0111,1]},
{"frame":13,"values":[0.8288,0.0222,0.5591,0,-0.0268,0.9996,0,0,-0.5589,-0.015,0.8291,0,1.1706,-1.2476,-0.0139,1]},
{"frame":14,"values":[0.8288,0.0222,0.5591,0,-0.0268,0.9996,0,0,-0.5589,-0.015,0.8291,0,1.1717,-1.4948,-0.0167,1]},
{"frame":15,"values":[0.8288,0.0222,0.5591,0,-0.0268,0.9996,0,0,-0.5589,-0.015,0.8291,0,1.1727,-1.7419,-0.0194,1]},
{"frame":16,"values":[0.8288,0.0222,0.5591,0,-0.0268,0.9996,0,0,-0.5589,-0.015,0.8291,0,1.1738,-1.9891,-0.0222,1]},
{"frame":17,"values":[0.8288,0.0222,0.5591,0,-0.0268,0.9996,0,0,-0.5589,-0.015,0.8291,0,1.1728,-1.7584,-0.0196,1]},
{"frame":18,"values":[0.8288,0.0222,0.5591,0,-0.0268,0.9996,0,0,-0.5589,-0.015,0.8291,0,1.1718,-1.5277,-0.017,1]},
{"frame":19,"values":[0.8288,0.0222,0.5591,0,-0.0268,0.9996,0,0,-0.5589,-0.015,0.8291,0,1.1708,-1.297,-0.0145,1]},
{"frame":20,"values":[0.8288,0.0222,0.5591,0,-0.0268,0.9996,0,0,-0.5589,-0.015,0.8291,0,1.1698,-1.0663,-0.0119,1]},
{"frame":21,"values":[0.8288,0.0222,0.5591,0,-0.0268,0.9996,0,0,-0.5589,-0.015,0.8291,0,1.1688,-0.8356,-0.0093,1]},
{"frame":22,"values":[0.8288,0.0222,0.5591,0,-0.0268,0.9996,0,0,-0.5589,-0.015,0.8291,0,1.1678,-0.6049,-0.0067,1]},
{"frame":23,"values":[0.8288,0.0222,0.5591,0,-0.0268,0.9996,0,0,-0.5589,-0.015,0.8291,0,1.1667,-0.3742,-0.0042,1]},
{"frame":24,"values":[0.8288,0.0222,0.5591,0,-0.0268,0.9996,0,0,-0.5589,-0.015,0.8291,0,1.1657,-0.1435,-0.0016,1]},
{"frame":25,"values":[0.8288,0.0222,0.5591,0,-0.0268,0.9996,0,0,-0.5589,-0.015,0.8291,0,1.1647,0.0872,0.001,1]},
{"frame":26,"values":[0.8288,0.0222,0.5591,0,-0.0268,0.9996,0,0,-0.5589,-0.015,0.8291,0,1.1637,0.3178,0.0035,1]},
{"frame":27,"values":[0.8288,0.0222,0.5591,0,-0.0268,0.9996,0,0,-0.5589,-0.015,0.8291,0,1.1627,0.5485,0.0061,1]},
{"frame":28,"values":[0.8288,0.0222,0.5591,0,-0.0268,0.9996,0,0,-0.5589,-0.015,0.8291,0,1.1617,0.7792,0.0087,1]},
{"frame":29,"values":[0.8288,0.0222,0.5591,0,-0.0268,0.9996,0,0,-0.5589,-0.015,0.8291,0,1.1607,1.0099,0.0113,1]},
{"frame":30,"values":[0.8288,0.0222,0.5591,0,-0.0268,0.9996,0,0,-0.5589,-0.015,0.8291,0,1.1596,1.2406,0.0138,1]},
{"frame":31,"values":[0.8288,0.0222,0.5591,0,-0.0268,0.9996,0,0,-0.5589,-0.015,0.8291,0,1.1586,1.4713,0.0164,1]},
{"frame":42,"values":[0.8288,0.0222,0.5591,0,-0.0268,0.9996,0,0,-0.5589,-0.015,0.8291,0,1.1586,1.4713,0.0164,1]},
{"frame":43,"values":[0.8288,0.0222,0.5591,0,-0.0268,0.9996,0,0,-0.5589,-0.015,0.8291,0,1.1597,1.2242,0.0136,1]},
{"frame":44,"values":[0.8288,0.0222,0.5591,0,-0.0268,0.9996,0,0,-0.5589,-0.015,0.8291,0,1.1608,0.977,0.0109,1]},
{"frame":45,"values":[0.8288,0.0222,0.5591,0,-0.0268,0.9996,0,0,-0.5589,-0.015,0.8291,0,1.1619,0.7298,0.0081,1]},
{"frame":46,"values":[0.8288,0.0222,0.5591,0,-0.0268,0.9996,0,0,-0.5589,-0.015,0.8291,0,1.163,0.4826,0.0054,1]},
{"frame":47,"values":[0.8288,0.0222,0.5591,0,-0.0268,0.9996,0,0,-0.5589,-0.015,0.8291,0,1.1641,0.2355,0.0026,1]},
{"frame":48,"values":[0.8288,0.0222,0.5591,0,-0.0268,0.9996,0,0,-0.5589,-0.015,0.8291,0,1.1651,-0.0117,-0.0001,1]},
{"frame":49,"values":[0.8288,0.0222,0.5591,0,-0.0268,0.9996,0,0,-0.5589,-0.015,0.8291,0,1.1662,-0.2589,-0.0029,1]},
{"frame":50,"values":[0.8288,0.0222,0.5591,0,-0.0268,0.9996,0,0,-0.5589,-0.015,0.8291,0,1.1673,-0.5061,-0.0056,1]},
{"frame":51,"values":[0.8288,0.0222,0.5591,0,-0.0268,0.9996,0,0,-0.5589,-0.015,0.8291,0,1.1684,-0.7532,-0.0084,1]},
{"frame":52,"values":[0.8288,0.0222,0.5591,0,-0.0268,0.9996,0,0,-0.5589,-0.015,0.8291,0,1.1695,-1.0004,-0.0111,1]},
{"frame":53,"values":[0.8288,0.0222,0.5591,0,-0.0268,0.9996,0,0,-0.5589,-0.015,0.8291,0,1.1706,-1.2476,-0.0139,1]},
{"frame":54,"values":[0.8288,0.0222,0.5591,0,-0.0268,0.9996,0,0,-0.5589,-0.015,0.8291,0,1.1717,-1.4948,-0.0167,1]},
{"frame":55,"values":[0.8288,0.0222,0.5591,0,-0.0268,0.9996,0,0,-0.5589,-0.015,0.8291,0,1.1727,-1.7419,-0.0194,1]},
{"frame":56,"values":[0.8288,0.0222,0.5591,0,-0.0268,0.9996,0,0,-0.5589,-0.015,0.8291,0,1.1738,-1.9891,-0.0222,1]},
{"frame":57,"values":[0.8288,0.0222,0.5591,0,-0.0268,0.9996,0,0,-0.5589,-0.015,0.8291,0,1.1728,-1.7584,-0.0196,1]},
{"frame":58,"values":[0.8288,0.0222,0.5591,0,-0.0268,0.9996,0,0,-0.5589,-0.015,0.8291,0,1.1718,-1.5277,-0.017,1]},
{"frame":59,"values":[0.8288,0.0222,0.5591,0,-0.0268,0.9996,0,0,-0.5589,-0.015,0.8291,0,1.1708,-1.297,-0.0145,1]},
{"frame":60,"values":[0.8288,0.0222,0.5591,0,-0.0268,0.9996,0,0,-0.5589,-0.015,0.8291,0,1.1698,-1.0663,-0.0119,1]},
{"frame":61,"values":[0.8288,0.0222,0.5591,0,-0.0268,0.9996,0,0,-0.5589,-0.015,0.8291,0,1.1688,-0.8356,-0.0093,1]},
{"frame":62,"values":[0.8288,0.0222,0.5591,0,-0.0268,0.9996,0,0,-0.5589,-0.015,0.8291,0,1.1678,-0.6049,-0.0067,1]},
{"frame":63,"values":[0.8288,0.0222,0.5591,0,-0.0268,0.9996,0,0,-0.5589,-0.015,0.8291,0,1.1667,-0.3742,-0.0042,1]},
{"frame":64,"values":[0.8288,0.0222,0.5591,0,-0.0268,0.9996,0,0,-0.5589,-0.015,0.8291,0,1.1657,-0.1435,-0.0016,1]},
{"frame":65,"values":[0.8288,0.0222,0.5591,0,-0.0268,0.9996,0,0,-0.5589,-0.015,0.8291,0,1.1647,0.0872,0.001,1]},
{"frame":66,"values":[0.8288,0.0222,0.5591,0,-0.0268,0.9996,0,0,-0.5589,-0.015,0.8291,0,1.1637,0.3178,0.0035,1]},
{"frame":67,"values":[0.8288,0.0222,0.5591,0,-0.0268,0.9996,0,0,-0.5589,-0.015,0.8291,0,1.1627,0.5485,0.0061,1]},
{"frame":68,"values":[0.8288,0.0222,0.5591,0,-0.0268,0.9996,0,0,-0.5589,-0.015,0.8291,0,1.1617,0.7792,0.0087,1]},
{"frame":69,"values":[0.8288,0.0222,0.5591,0,-0.0268,0.9996,0,0,-0.5589,-0.015,0.8291,0,1.1607,1.0099,0.0113,1]},
{"frame":70,"values":[0.8288,0.0222,0.5591,0,-0.0268,0.9996,0,0,-0.5589,-0.015,0.8291,0,1.1596,1.2406,0.0138,1]},
{"frame":71,"values":[0.8288,0.0222,0.5591,0,-0.0268,0.9996,0,0,-0.5589,-0.015,0.8291,0,1.1586,1.4713,0.0164,1]}],"loopBehavior":1,"name":"anim","property":"_matrix"}},
{"name":"joint7","index":6,"matrix":[-0.9998,0.0214,0,0,0.0214,0.9998,0,0,0,0,-1,0,1.4093,0,0,1],"rest":[-0.9998,0.0214,0,0,0.0214,0.9998,0,0,0,0,-1,0,1.4093,0,0,1],"parentBoneIndex":5,"length":1.4093
,"animation":{"dataType":3,"framePerSecond":30,"keys":[
{"frame":2,"values":[-0.9998,0.0214,0,0,0.0214,0.9998,0,0,0,0,-1,0,1.4093,0,0,1]},
{"frame":31,"values":[-0.9998,0.0214,0,0,0.0214,0.9998,0,0,0,0,-1,0,1.4093,0,0,1]},
{"frame":42,"values":[-0.9998,0.0214,0,0,0.0214,0.9998,0,0,0,0,-1,0,1.4093,0,0,1]},
{"frame":71,"values":[-0.9998,0.0214,0,0,0.0214,0.9998,0,0,0,0,-1,0,1.4093,0,0,1]}],"loopBehavior":1,"name":"anim","property":"_matrix"}},
{"name":"joint8","index":7,"matrix":[0.0764,0.8706,0.486,0,0.9962,-0.0874,0,0,0.0425,0.4842,-0.8739,0,0.025,0.6277,0,1],"rest":[-0.0069,1,0,0,1,0.0069,0,0,0,0,-1,0,0.025,0.6277,0,1],"parentBoneIndex":0,"length":1.5628
,"animation":{"dataType":3,"framePerSecond":30,"keys":[
{"frame":2,"values":[0.0764,0.8706,0.486,0,0.9962,-0.0874,0,0,0.0425,0.4842,-0.8739,0,0.025,0.6277,0,1]},
{"frame":3,"values":[0.0632,0.8764,0.4774,0,0.9974,-0.0724,0.001,0,0.0354,0.4761,-0.8787,0,0.025,0.6277,0,1]},
{"frame":4,"values":[0.0499,0.8819,0.4688,0,0.9983,-0.0575,0.0018,0,0.0285,0.4679,-0.8833,0,0.025,0.6277,0,1]},
{"frame":5,"values":[0.0366,0.8871,0.4601,0,0.9991,-0.0425,0.0024,0,0.0217,0.4596,-0.8879,0,0.025,0.6277,0,1]},
{"frame":6,"values":[0.0232,0.892,0.4514,0,0.9996,-0.0274,0.003,0,0.015,0.4511,-0.8923,0,0.025,0.6277,0,1]},
{"frame":7,"values":[0.0097,0.8967,0.4425,0,0.9999,-0.0124,0.0033,0,0.0085,0.4425,-0.8967,0,0.025,0.6277,0,1]},
{"frame":8,"values":[-0.0039,0.9011,0.4337,0,1,0.0026,0.0036,0,0.0021,0.4337,-0.9011,0,0.025,0.6277,0,1]},
{"frame":9,"values":[-0.0176,0.9051,0.4248,0,0.9998,0.0177,0.0036,0,-0.0042,0.4248,-0.9053,0,0.025,0.6277,0,1]},
{"frame":10,"values":[-0.0313,0.9089,0.4158,0,0.9995,0.0328,0.0036,0,-0.0104,0.4157,-0.9094,0,0.025,0.6277,0,1]},
{"frame":11,"values":[-0.045,0.9124,0.4068,0,0.9989,0.0478,0.0033,0,-0.0164,0.4065,-0.9135,0,0.025,0.6277,0,1]},
{"frame":12,"values":[-0.0588,0.9156,0.3978,0,0.998,0.0628,0.003,0,-0.0223,0.3972,-0.9175,0,0.025,0.6277,0,1]},
{"frame":13,"values":[-0.0726,0.9185,0.3888,0,0.997,0.0778,0.0024,0,-0.028,0.3878,-0.9213,0,0.025,0.6277,0,1]},
{"frame":14,"values":[-0.0865,0.9211,0.3797,0,0.9957,0.0928,0.0018,0,-0.0336,0.3782,-0.9251,0,0.025,0.6277,0,1]},
{"frame":15,"values":[-0.1004,0.9233,0.3706,0,0.9942,0.1077,0.001,0,-0.039,0.3686,-0.9288,0,0.025,0.6277,0,1]},
{"frame":16,"values":[-0.1143,0.9253,0.3615,0,0.9925,0.1226,0,0,-0.0443,0.3588,-0.9324,0,0.025,0.6277,0,1]},
{"frame":17,"values":[-0.1013,0.9238,0.3691,0,0.9941,0.1087,0.0008,0,-0.0394,0.367,-0.9294,0,0.025,0.6277,0,1]},
{"frame":18,"values":[-0.0884,0.9221,0.3768,0,0.9955,0.0948,0.0015,0,-0.0343,0.3752,-0.9263,0,0.025,0.6277,0,1]},
{"frame":19,"values":[-0.0754,0.9201,0.3844,0,0.9967,0.0808,0.0021,0,-0.0291,0.3833,-0.9232,0,0.025,0.6277,0,1]},
{"frame":20,"values":[-0.0625,0.9178,0.392,0,0.9978,0.0668,0.0025,0,-0.0239,0.3913,-0.92,0,0.025,0.6277,0,1]},
{"frame":21,"values":[-0.0496,0.9154,0.3996,0,0.9986,0.0528,0.0029,0,-0.0185,0.3992,-0.9167,0,0.025,0.6277,0,1]},
{"frame":22,"values":[-0.0367,0.9126,0.4071,0,0.9992,0.0388,0.0031,0,-0.0129,0.4069,-0.9134,0,0.025,0.6277,0,1]},
{"frame":23,"values":[-0.0238,0.9097,0.4147,0,0.9997,0.0247,0.0032,0,-0.0073,0.4146,-0.91,0,0.025,0.6277,0,1]},
{"frame":24,"values":[-0.0111,0.9064,0.4222,0,0.9999,0.0107,0.0032,0,-0.0016,0.4222,-0.9065,0,0.025,0.6277,0,1]},
{"frame":25,"values":[0.0017,0.903,0.4297,0,1,-0.0034,0.0031,0,0.0043,0.4297,-0.903,0,0.025,0.6277,0,1]},
{"frame":26,"values":[0.0144,0.8993,0.4371,0,0.9998,-0.0174,0.0029,0,0.0102,0.437,-0.8994,0,0.025,0.6277,0,1]},
{"frame":27,"values":[0.027,0.8954,0.4445,0,0.9995,-0.0314,0.0025,0,0.0163,0.4443,-0.8958,0,0.025,0.6277,0,1]},
{"frame":28,"values":[0.0396,0.8912,0.4519,0,0.999,-0.0455,0.0021,0,0.0224,0.4514,-0.8921,0,0.025,0.6277,0,1]},
{"frame":29,"values":[0.0521,0.8868,0.4592,0,0.9982,-0.0595,0.0015,0,0.0286,0.4584,-0.8883,0,0.025,0.6277,0,1]},
{"frame":30,"values":[0.0646,0.8821,0.4665,0,0.9973,-0.0734,0.0008,0,0.035,0.4652,-0.8845,0,0.025,0.6277,0,1]},
{"frame":31,"values":[0.0769,0.8773,0.4738,0,0.9962,-0.0874,0,0,0.0414,0.472,-0.8806,0,0.025,0.6277,0,1]},
{"frame":42,"values":[0.0764,0.8706,0.486,0,0.9962,-0.0874,0,0,0.0425,0.4842,-0.8739,0,0.025,0.6277,0,1]},
{"frame":43,"values":[0.0632,0.8764,0.4774,0,0.9974,-0.0724,0.001,0,0.0354,0.4761,-0.8787,0,0.025,0.6277,0,1]},
{"frame":44,"values":[0.0499,0.8819,0.4688,0,0.9983,-0.0575,0.0018,0,0.0285,0.4679,-0.8833,0,0.025,0.6277,0,1]},
{"frame":45,"values":[0.0366,0.8871,0.4601,0,0.9991,-0.0425,0.0024,0,0.0217,0.4596,-0.8879,0,0.025,0.6277,0,1]},
{"frame":46,"values":[0.0232,0.892,0.4514,0,0.9996,-0.0274,0.003,0,0.015,0.4511,-0.8923,0,0.025,0.6277,0,1]},
{"frame":47,"values":[0.0097,0.8967,0.4425,0,0.9999,-0.0124,0.0033,0,0.0085,0.4425,-0.8967,0,0.025,0.6277,0,1]},
{"frame":48,"values":[-0.0039,0.9011,0.4337,0,1,0.0026,0.0036,0,0.0021,0.4337,-0.9011,0,0.025,0.6277,0,1]},
{"frame":49,"values":[-0.0176,0.9051,0.4248,0,0.9998,0.0177,0.0036,0,-0.0042,0.4248,-0.9053,0,0.025,0.6277,0,1]},
{"frame":50,"values":[-0.0313,0.9089,0.4158,0,0.9995,0.0328,0.0036,0,-0.0104,0.4157,-0.9094,0,0.025,0.6277,0,1]},
{"frame":51,"values":[-0.045,0.9124,0.4068,0,0.9989,0.0478,0.0033,0,-0.0164,0.4065,-0.9135,0,0.025,0.6277,0,1]},
{"frame":52,"values":[-0.0588,0.9156,0.3978,0,0.998,0.0628,0.003,0,-0.0223,0.3972,-0.9175,0,0.025,0.6277,0,1]},
{"frame":53,"values":[-0.0726,0.9185,0.3888,0,0.997,0.0778,0.0024,0,-0.028,0.3878,-0.9213,0,0.025,0.6277,0,1]},
{"frame":54,"values":[-0.0865,0.9211,0.3797,0,0.9957,0.0928,0.0018,0,-0.0336,0.3782,-0.9251,0,0.025,0.6277,0,1]},
{"frame":55,"values":[-0.1004,0.9233,0.3706,0,0.9942,0.1077,0.001,0,-0.039,0.3686,-0.9288,0,0.025,0.6277,0,1]},
{"frame":56,"values":[-0.1143,0.9253,0.3615,0,0.9925,0.1226,0,0,-0.0443,0.3588,-0.9324,0,0.025,0.6277,0,1]},
{"frame":57,"values":[-0.1013,0.9238,0.3691,0,0.9941,0.1087,0.0008,0,-0.0394,0.367,-0.9294,0,0.025,0.6277,0,1]},
{"frame":58,"values":[-0.0884,0.9221,0.3768,0,0.9955,0.0948,0.0015,0,-0.0343,0.3752,-0.9263,0,0.025,0.6277,0,1]},
{"frame":59,"values":[-0.0754,0.9201,0.3844,0,0.9967,0.0808,0.0021,0,-0.0291,0.3833,-0.9232,0,0.025,0.6277,0,1]},
{"frame":60,"values":[-0.0625,0.9178,0.392,0,0.9978,0.0668,0.0025,0,-0.0239,0.3913,-0.92,0,0.025,0.6277,0,1]},
{"frame":61,"values":[-0.0496,0.9154,0.3996,0,0.9986,0.0528,0.0029,0,-0.0185,0.3992,-0.9167,0,0.025,0.6277,0,1]},
{"frame":62,"values":[-0.0367,0.9126,0.4071,0,0.9992,0.0388,0.0031,0,-0.0129,0.4069,-0.9134,0,0.025,0.6277,0,1]},
{"frame":63,"values":[-0.0238,0.9097,0.4147,0,0.9997,0.0247,0.0032,0,-0.0073,0.4146,-0.91,0,0.025,0.6277,0,1]},
{"frame":64,"values":[-0.0111,0.9064,0.4222,0,0.9999,0.0107,0.0032,0,-0.0016,0.4222,-0.9065,0,0.025,0.6277,0,1]},
{"frame":65,"values":[0.0017,0.903,0.4297,0,1,-0.0034,0.0031,0,0.0043,0.4297,-0.903,0,0.025,0.6277,0,1]},
{"frame":66,"values":[0.0144,0.8993,0.4371,0,0.9998,-0.0174,0.0029,0,0.0102,0.437,-0.8994,0,0.025,0.6277,0,1]},
{"frame":67,"values":[0.027,0.8954,0.4445,0,0.9995,-0.0314,0.0025,0,0.0163,0.4443,-0.8958,0,0.025,0.6277,0,1]},
{"frame":68,"values":[0.0396,0.8912,0.4519,0,0.999,-0.0455,0.0021,0,0.0224,0.4514,-0.8921,0,0.025,0.6277,0,1]},
{"frame":69,"values":[0.0521,0.8868,0.4592,0,0.9982,-0.0595,0.0015,0,0.0286,0.4584,-0.8883,0,0.025,0.6277,0,1]},
{"frame":70,"values":[0.0646,0.8821,0.4665,0,0.9973,-0.0734,0.0008,0,0.035,0.4652,-0.8845,0,0.025,0.6277,0,1]},
{"frame":71,"values":[0.0769,0.8773,0.4738,0,0.9962,-0.0874,0,0,0.0414,0.472,-0.8806,0,0.025,0.6277,0,1]}],"loopBehavior":1,"name":"anim","property":"_matrix"}},
{"name":"joint9","index":8,"matrix":[-0.0069,1,0,0,1,0.0069,0,0,0,0,-1,0,1.5628,0,0,1],"rest":[-0.0069,1,0,0,1,0.0069,0,0,0,0,-1,0,1.5628,0,0,1],"parentBoneIndex":7,"length":1.5628
,"animation":{"dataType":3,"framePerSecond":30,"keys":[
{"frame":2,"values":[-0.0069,1,0,0,1,0.0069,0,0,0,0,-1,0,1.5628,0,0,1]},
{"frame":31,"values":[-0.0069,1,0,0,1,0.0069,0,0,0,0,-1,0,1.5628,0,0,1]},
{"frame":42,"values":[-0.0069,1,0,0,1,0.0069,0,0,0,0,-1,0,1.5628,0,0,1]},
{"frame":71,"values":[-0.0069,1,0,0,1,0.0069,0,0,0,0,-1,0,1.5628,0,0,1]}],"loopBehavior":1,"name":"anim","property":"_matrix"}},
{"name":"joint10","index":9,"matrix":[0.8941,-0.4479,0,0,0.4479,0.8941,0,0,0,0,1,0,-0.0042,-1.7161,0,1],"rest":[0.8941,-0.4479,0,0,0.4479,0.8941,0,0,0,0,1,0,-0.0042,-1.7161,0,1],"parentBoneIndex":0,"length":0.8483
,"animation":{"dataType":3,"framePerSecond":30,"keys":[
{"frame":2,"values":[0.8941,-0.4479,0,0,0.4479,0.8941,0,0,0,0,1,0,-0.0042,-1.7161,0,1]},
{"frame":31,"values":[0.8941,-0.4479,0,0,0.4479,0.8941,0,0,0,0,1,0,-0.0042,-1.7161,0,1]},
{"frame":42,"values":[0.8941,-0.4479,0,0,0.4479,0.8941,0,0,0,0,1,0,-0.0042,-1.7161,0,1]},
{"frame":71,"values":[0.8941,-0.4479,0,0,0.4479,0.8941,0,0,0,0,1,0,-0.0042,-1.7161,0,1]}],"loopBehavior":1,"name":"anim","property":"_matrix"}},
{"name":"joint11","index":10,"matrix":[0.9242,-0.382,0,0,0.382,0.9242,0,0,0,0,1,0,0.8434,0,0,1],"rest":[0.5592,-0.829,0,0,0.829,0.5592,0,0,0,0,1,0,0.8434,0,0,1],"parentBoneIndex":9,"length":0.3124
,"animation":{"dataType":3,"framePerSecond":30,"keys":[
{"frame":2,"values":[0.9242,-0.382,0,0,0.382,0.9242,0,0,0,0,1,0,0.8434,0,0,1]},
{"frame":3,"values":[0.9111,-0.4121,0,0,0.4121,0.9111,0,0,0,0,1,0,0.8434,0,0,1]},
{"frame":4,"values":[0.8971,-0.4418,0,0,0.4418,0.8971,0,0,0,0,1,0,0.8434,0,0,1]},
{"frame":5,"values":[0.8821,-0.4712,0,0,0.4712,0.8821,0,0,0,0,1,0,0.8434,0,0,1]},
{"frame":6,"values":[0.866,-0.5,0,0,0.5,0.866,0,0,0,0,1,0,0.8434,0,0,1]},
{"frame":7,"values":[0.849,-0.5284,0,0,0.5284,0.849,0,0,0,0,1,0,0.8434,0,0,1]},
{"frame":8,"values":[0.831,-0.5563,0,0,0.5563,0.831,0,0,0,0,1,0,0.8434,0,0,1]},
{"frame":9,"values":[0.8121,-0.5835,0,0,0.5835,0.8121,0,0,0,0,1,0,0.8434,0,0,1]},
{"frame":10,"values":[0.7923,-0.6101,0,0,0.6101,0.7923,0,0,0,0,1,0,0.8434,0,0,1]},
{"frame":11,"values":[0.7717,-0.636,0,0,0.636,0.7717,0,0,0,0,1,0,0.8434,0,0,1]},
{"frame":12,"values":[0.7502,-0.6612,0,0,0.6612,0.7502,0,0,0,0,1,0,0.8434,0,0,1]},
{"frame":13,"values":[0.728,-0.6856,0,0,0.6856,0.728,0,0,0,0,1,0,0.8434,0,0,1]},
{"frame":14,"values":[0.705,-0.7092,0,0,0.7092,0.705,0,0,0,0,1,0,0.8434,0,0,1]},
{"frame":15,"values":[0.6813,-0.732,0,0,0.732,0.6813,0,0,0,0,1,0,0.8434,0,0,1]},
{"frame":16,"values":[0.6569,-0.754,0,0,0.754,0.6569,0,0,0,0,1,0,0.8434,0,0,1]},
{"frame":17,"values":[0.6797,-0.7335,0,0,0.7335,0.6797,0,0,0,0,1,0,0.8434,0,0,1]},
{"frame":18,"values":[0.7019,-0.7123,0,0,0.7123,0.7019,0,0,0,0,1,0,0.8434,0,0,1]},
{"frame":19,"values":[0.7234,-0.6904,0,0,0.6904,0.7234,0,0,0,0,1,0,0.8434,0,0,1]},
{"frame":20,"values":[0.7444,-0.6678,0,0,0.6678,0.7444,0,0,0,0,1,0,0.8434,0,0,1]},
{"frame":21,"values":[0.7646,-0.6445,0,0,0.6445,0.7646,0,0,0,0,1,0,0.8434,0,0,1]},
{"frame":22,"values":[0.7842,-0.6205,0,0,0.6205,0.7842,0,0,0,0,1,0,0.8434,0,0,1]},
{"frame":23,"values":[0.803,-0.596,0,0,0.596,0.803,0,0,0,0,1,0,0.8434,0,0,1]},
{"frame":24,"values":[0.8211,-0.5709,0,0,0.5709,0.8211,0,0,0,0,1,0,0.8434,0,0,1]},
{"frame":25,"values":[0.8383,-0.5452,0,0,0.5452,0.8383,0,0,0,0,1,0,0.8434,0,0,1]},
{"frame":26,"values":[0.8548,-0.519,0,0,0.519,0.8548,0,0,0,0,1,0,0.8434,0,0,1]},
{"frame":27,"values":[0.8704,-0.4924,0,0,0.4924,0.8704,0,0,0,0,1,0,0.8434,0,0,1]},
{"frame":28,"values":[0.8851,-0.4653,0,0,0.4653,0.8851,0,0,0,0,1,0,0.8434,0,0,1]},
{"frame":29,"values":[0.899,-0.4379,0,0,0.4379,0.899,0,0,0,0,1,0,0.8434,0,0,1]},
{"frame":30,"values":[0.912,-0.4101,0,0,0.4101,0.912,0,0,0,0,1,0,0.8434,0,0,1]},
{"frame":31,"values":[0.9242,-0.382,0,0,0.382,0.9242,0,0,0,0,1,0,0.8434,0,0,1]},
{"frame":42,"values":[0.9242,-0.382,0,0,0.382,0.9242,0,0,0,0,1,0,0.8434,0,0,1]},
{"frame":43,"values":[0.9111,-0.4121,0,0,0.4121,0.9111,0,0,0,0,1,0,0.8434,0,0,1]},
{"frame":44,"values":[0.8971,-0.4418,0,0,0.4418,0.8971,0,0,0,0,1,0,0.8434,0,0,1]},
{"frame":45,"values":[0.8821,-0.4712,0,0,0.4712,0.8821,0,0,0,0,1,0,0.8434,0,0,1]},
{"frame":46,"values":[0.866,-0.5,0,0,0.5,0.866,0,0,0,0,1,0,0.8434,0,0,1]},
{"frame":47,"values":[0.849,-0.5284,0,0,0.5284,0.849,0,0,0,0,1,0,0.8434,0,0,1]},
{"frame":48,"values":[0.831,-0.5563,0,0,0.5563,0.831,0,0,0,0,1,0,0.8434,0,0,1]},
{"frame":49,"values":[0.8121,-0.5835,0,0,0.5835,0.8121,0,0,0,0,1,0,0.8434,0,0,1]},
{"frame":50,"values":[0.7923,-0.6101,0,0,0.6101,0.7923,0,0,0,0,1,0,0.8434,0,0,1]},
{"frame":51,"values":[0.7717,-0.636,0,0,0.636,0.7717,0,0,0,0,1,0,0.8434,0,0,1]},
{"frame":52,"values":[0.7502,-0.6612,0,0,0.6612,0.7502,0,0,0,0,1,0,0.8434,0,0,1]},
{"frame":53,"values":[0.728,-0.6856,0,0,0.6856,0.728,0,0,0,0,1,0,0.8434,0,0,1]},
{"frame":54,"values":[0.705,-0.7092,0,0,0.7092,0.705,0,0,0,0,1,0,0.8434,0,0,1]},
{"frame":55,"values":[0.6813,-0.732,0,0,0.732,0.6813,0,0,0,0,1,0,0.8434,0,0,1]},
{"frame":56,"values":[0.6569,-0.754,0,0,0.754,0.6569,0,0,0,0,1,0,0.8434,0,0,1]},
{"frame":57,"values":[0.6797,-0.7335,0,0,0.7335,0.6797,0,0,0,0,1,0,0.8434,0,0,1]},
{"frame":58,"values":[0.7019,-0.7123,0,0,0.7123,0.7019,0,0,0,0,1,0,0.8434,0,0,1]},
{"frame":59,"values":[0.7234,-0.6904,0,0,0.6904,0.7234,0,0,0,0,1,0,0.8434,0,0,1]},
{"frame":60,"values":[0.7444,-0.6678,0,0,0.6678,0.7444,0,0,0,0,1,0,0.8434,0,0,1]},
{"frame":61,"values":[0.7646,-0.6445,0,0,0.6445,0.7646,0,0,0,0,1,0,0.8434,0,0,1]},
{"frame":62,"values":[0.7842,-0.6205,0,0,0.6205,0.7842,0,0,0,0,1,0,0.8434,0,0,1]},
{"frame":63,"values":[0.803,-0.596,0,0,0.596,0.803,0,0,0,0,1,0,0.8434,0,0,1]},
{"frame":64,"values":[0.8211,-0.5709,0,0,0.5709,0.8211,0,0,0,0,1,0,0.8434,0,0,1]},
{"frame":65,"values":[0.8383,-0.5452,0,0,0.5452,0.8383,0,0,0,0,1,0,0.8434,0,0,1]},
{"frame":66,"values":[0.8548,-0.519,0,0,0.519,0.8548,0,0,0,0,1,0,0.8434,0,0,1]},
{"frame":67,"values":[0.8704,-0.4924,0,0,0.4924,0.8704,0,0,0,0,1,0,0.8434,0,0,1]},
{"frame":68,"values":[0.8851,-0.4653,0,0,0.4653,0.8851,0,0,0,0,1,0,0.8434,0,0,1]},
{"frame":69,"values":[0.899,-0.4379,0,0,0.4379,0.899,0,0,0,0,1,0,0.8434,0,0,1]},
{"frame":70,"values":[0.912,-0.4101,0,0,0.4101,0.912,0,0,0,0,1,0,0.8434,0,0,1]},
{"frame":71,"values":[0.9242,-0.382,0,0,0.382,0.9242,0,0,0,0,1,0,0.8434,0,0,1]}],"loopBehavior":1,"name":"anim","property":"_matrix"}},
{"name":"joint12","index":11,"matrix":[0.1621,-0.0246,-0.9865,0,-0.1498,-0.9887,0,0,-0.9753,0.1478,-0.164,0,0.3124,0,0,1],"rest":[0.9887,-0.1498,0,0,-0.1498,-0.9887,0,0,0,0,-1,0,0.3124,0,0,1],"parentBoneIndex":10,"length":0.8714
,"animation":{"dataType":3,"framePerSecond":30,"keys":[
{"frame":2,"values":[0.1621,-0.0246,-0.9865,0,-0.1498,-0.9887,0,0,-0.9753,0.1478,-0.164,0,0.3124,0,0,1]},
{"frame":3,"values":[0.206,-0.0312,-0.9781,0,-0.1498,-0.9887,0,0,-0.967,0.1465,-0.2083,0,0.4268,-0.0156,0,1]},
{"frame":4,"values":[0.2496,-0.0378,-0.9676,0,-0.1498,-0.9887,0,0,-0.9567,0.1449,-0.2525,0,0.5411,-0.0312,0,1]},
{"frame":5,"values":[0.293,-0.0444,-0.9551,0,-0.1498,-0.9887,0,0,-0.9443,0.1431,-0.2964,0,0.6555,-0.0468,0,1]},
{"frame":6,"values":[0.336,-0.0509,-0.9405,0,-0.1498,-0.9887,0,0,-0.9299,0.1409,-0.3398,0,0.7699,-0.0624,0,1]},
{"frame":7,"values":[0.3784,-0.0573,-0.9239,0,-0.1498,-0.9887,0,0,-0.9135,0.1384,-0.3827,0,0.8843,-0.078,0,1]},
{"frame":8,"values":[0.4201,-0.0636,-0.9053,0,-0.1498,-0.9887,0,0,-0.8951,0.1356,-0.4249,0,0.9986,-0.0936,0,1]},
{"frame":9,"values":[0.4609,-0.0698,-0.8847,0,-0.1498,-0.9887,0,0,-0.8747,0.1325,-0.4661,0,1.113,-0.1092,0,1]},
{"frame":10,"values":[0.5007,-0.0759,-0.8623,0,-0.1498,-0.9887,0,0,-0.8525,0.1292,-0.5064,0,1.2274,-0.1248,0,1]},
{"frame":11,"values":[0.5395,-0.0817,-0.838,0,-0.1498,-0.9887,0,0,-0.8286,0.1255,-0.5456,0,1.3417,-0.1404,0,1]},
{"frame":12,"values":[0.577,-0.0874,-0.8121,0,-0.1498,-0.9887,0,0,-0.8029,0.1216,-0.5836,0,1.4561,-0.156,0,1]},
{"frame":13,"values":[0.6132,-0.0929,-0.7845,0,-0.1498,-0.9887,0,0,-0.7756,0.1175,-0.6202,0,1.5705,-0.1716,0,1]},
{"frame":14,"values":[0.6479,-0.0982,-0.7554,0,-0.1498,-0.9887,0,0,-0.7468,0.1131,-0.6553,0,1.6849,-0.1872,0,1]},
{"frame":15,"values":[0.6812,-0.1032,-0.7248,0,-0.1498,-0.9887,0,0,-0.7167,0.1086,-0.6889,0,1.7992,-0.2028,0,1]},
{"frame":16,"values":[0.7128,-0.108,-0.693,0,-0.1498,-0.9887,0,0,-0.6852,0.1038,-0.7209,0,1.9136,-0.2183,0,1]},
{"frame":17,"values":[0.6833,-0.1035,-0.7227,0,-0.1498,-0.9887,0,0,-0.7146,0.1083,-0.6911,0,1.8069,-0.2038,0,1]},
{"frame":18,"values":[0.6524,-0.0988,-0.7514,0,-0.1498,-0.9887,0,0,-0.7429,0.1126,-0.6599,0,1.7001,-0.1892,0,1]},
{"frame":19,"values":[0.6202,-0.094,-0.7788,0,-0.1498,-0.9887,0,0,-0.77,0.1167,-0.6273,0,1.5934,-0.1747,0,1]},
{"frame":20,"values":[0.5868,-0.0889,-0.8049,0,-0.1498,-0.9887,0,0,-0.7958,0.1206,-0.5935,0,1.4866,-0.1601,0,1]},
{"frame":21,"values":[0.5521,-0.0836,-0.8296,0,-0.1498,-0.9887,0,0,-0.8202,0.1243,-0.5584,0,1.3799,-0.1456,0,1]},
{"frame":22,"values":[0.5164,-0.0782,-0.8528,0,-0.1498,-0.9887,0,0,-0.8432,0.1277,-0.5223,0,1.2731,-0.131,0,1]},
{"frame":23,"values":[0.4796,-0.0727,-0.8745,0,-0.1498,-0.9887,0,0,-0.8646,0.131,-0.4851,0,1.1664,-0.1165,0,1]},
{"frame":24,"values":[0.4419,-0.067,-0.8945,0,-0.1498,-0.9887,0,0,-0.8844,0.134,-0.447,0,1.0596,-0.1019,0,1]},
{"frame":25,"values":[0.4035,-0.0611,-0.9129,0,-0.1498,-0.9887,0,0,-0.9026,0.1368,-0.4081,0,0.9529,-0.0873,0,1]},
{"frame":26,"values":[0.3643,-0.0552,-0.9296,0,-0.1498,-0.9887,0,0,-0.9191,0.1393,-0.3685,0,0.8461,-0.0728,0,1]},
{"frame":27,"values":[0.3246,-0.0492,-0.9446,0,-0.1498,-0.9887,0,0,-0.9339,0.1415,-0.3283,0,0.7394,-0.0582,0,1]},
{"frame":28,"values":[0.2844,-0.0431,-0.9577,0,-0.1498,-0.9887,0,0,-0.9469,0.1435,-0.2876,0,0.6326,-0.0437,0,1]},
{"frame":29,"values":[0.2438,-0.0369,-0.9691,0,-0.1498,-0.9887,0,0,-0.9582,0.1452,-0.2466,0,0.5259,-0.0291,0,1]},
{"frame":30,"values":[0.203,-0.0308,-0.9787,0,-0.1498,-0.9887,0,0,-0.9676,0.1466,-0.2054,0,0.4191,-0.0146,0,1]},
{"frame":31,"values":[0.1621,-0.0246,-0.9865,0,-0.1498,-0.9887,0,0,-0.9753,0.1478,-0.164,0,0.3124,0,0,1]},
{"frame":42,"values":[0.1621,-0.0246,-0.9865,0,-0.1498,-0.9887,0,0,-0.9753,0.1478,-0.164,0,0.3124,0,0,1]},
{"frame":43,"values":[0.1789,-0.0271,-0.9835,0,-0.1498,-0.9887,0,0,-0.9724,0.1473,-0.1809,0,0.4268,-0.0156,0,1]},
{"frame":44,"values":[0.1956,-0.0296,-0.9802,0,-0.1498,-0.9887,0,0,-0.9692,0.1468,-0.1978,0,0.5411,-0.0312,0,1]},
{"frame":45,"values":[0.2123,-0.0322,-0.9767,0,-0.1498,-0.9887,0,0,-0.9657,0.1463,-0.2147,0,0.6555,-0.0468,0,1]},
{"frame":46,"values":[0.2289,-0.0347,-0.9728,0,-0.1498,-0.9887,0,0,-0.9619,0.1457,-0.2315,0,0.7699,-0.0624,0,1]},
{"frame":47,"values":[0.2454,-0.0372,-0.9687,0,-0.1498,-0.9887,0,0,-0.9578,0.1451,-0.2482,0,0.8843,-0.078,0,1]},
{"frame":48,"values":[0.2619,-0.0397,-0.9643,0,-0.1498,-0.9887,0,0,-0.9534,0.1444,-0.2649,0,0.9986,-0.0936,0,1]},
{"frame":49,"values":[0.2783,-0.0422,-0.9596,0,-0.1498,-0.9887,0,0,-0.9487,0.1437,-0.2815,0,1.113,-0.1092,0,1]},
{"frame":50,"values":[0.2946,-0.0446,-0.9546,0,-0.1498,-0.9887,0,0,-0.9438,0.143,-0.298,0,1.2274,-0.1248,0,1]},
{"frame":51,"values":[0.3109,-0.0471,-0.9493,0,-0.1498,-0.9887,0,0,-0.9386,0.1422,-0.3144,0,1.3417,-0.1404,0,1]},
{"frame":52,"values":[0.327,-0.0495,-0.9437,0,-0.1498,-0.9887,0,0,-0.9331,0.1414,-0.3307,0,1.4561,-0.156,0,1]},
{"frame":53,"values":[0.3431,-0.052,-0.9379,0,-0.1498,-0.9887,0,0,-0.9273,0.1405,-0.347,0,1.5705,-0.1716,0,1]},
{"frame":54,"values":[0.359,-0.0544,-0.9318,0,-0.1498,-0.9887,0,0,-0.9213,0.1396,-0.3631,0,1.6849,-0.1872,0,1]},
{"frame":55,"values":[0.3748,-0.0568,-0.9254,0,-0.1498,-0.9887,0,0,-0.9149,0.1386,-0.3791,0,1.7992,-0.2028,0,1]},
{"frame":56,"values":[0.3905,-0.0592,-0.9187,0,-0.1498,-0.9887,0,0,-0.9084,0.1376,-0.3949,0,1.9136,-0.2183,0,1]},
{"frame":57,"values":[0.3758,-0.0569,-0.9249,0,-0.1498,-0.9887,0,0,-0.9145,0.1386,-0.3801,0,1.8069,-0.2038,0,1]},
{"frame":58,"values":[0.3611,-0.0547,-0.9309,0,-0.1498,-0.9887,0,0,-0.9204,0.1394,-0.3652,0,1.7001,-0.1892,0,1]},
{"frame":59,"values":[0.3462,-0.0525,-0.9367,0,-0.1498,-0.9887,0,0,-0.9261,0.1403,-0.3502,0,1.5934,-0.1747,0,1]},
{"frame":60,"values":[0.3313,-0.0502,-0.9422,0,-0.1498,-0.9887,0,0,-0.9316,0.1411,-0.3351,0,1.4866,-0.1601,0,1]},
{"frame":61,"values":[0.3163,-0.0479,-0.9475,0,-0.1498,-0.9887,0,0,-0.9368,0.1419,-0.3199,0,1.3799,-0.1456,0,1]},
{"frame":62,"values":[0.3011,-0.0456,-0.9525,0,-0.1498,-0.9887,0,0,-0.9417,0.1427,-0.3046,0,1.2731,-0.131,0,1]},
{"frame":63,"values":[0.2859,-0.0433,-0.9573,0,-0.1498,-0.9887,0,0,-0.9465,0.1434,-0.2892,0,1.1664,-0.1165,0,1]},
{"frame":64,"values":[0.2707,-0.041,-0.9618,0,-0.1498,-0.9887,0,0,-0.951,0.1441,-0.2738,0,1.0596,-0.1019,0,1]},
{"frame":65,"values":[0.2553,-0.0387,-0.9661,0,-0.1498,-0.9887,0,0,-0.9552,0.1447,-0.2582,0,0.9529,-0.0873,0,1]},
{"frame":66,"values":[0.2399,-0.0363,-0.9701,0,-0.1498,-0.9887,0,0,-0.9592,0.1453,-0.2427,0,0.8461,-0.0728,0,1]},
{"frame":67,"values":[0.2244,-0.034,-0.9739,0,-0.1498,-0.9887,0,0,-0.9629,0.1459,-0.227,0,0.7394,-0.0582,0,1]},
{"frame":68,"values":[0.2089,-0.0317,-0.9774,0,-0.1498,-0.9887,0,0,-0.9664,0.1464,-0.2113,0,0.6326,-0.0437,0,1]},
{"frame":69,"values":[0.1934,-0.0293,-0.9807,0,-0.1498,-0.9887,0,0,-0.9696,0.1469,-0.1956,0,0.5259,-0.0291,0,1]},
{"frame":70,"values":[0.1778,-0.0269,-0.9837,0,-0.1498,-0.9887,0,0,-0.9726,0.1474,-0.1798,0,0.4191,-0.0146,0,1]},
{"frame":71,"values":[0.1621,-0.0246,-0.9865,0,-0.1498,-0.9887,0,0,-0.9753,0.1478,-0.164,0,0.3124,0,0,1]}],"loopBehavior":1,"name":"anim","property":"_matrix"}},
{"name":"joint13","index":12,"matrix":[0.9999,-0.0251,0,0,-0.0251,-0.9997,0,0,0,0,-1,0,0.8714,0,0,1],"rest":[0.9997,-0.0251,0,0,-0.0251,-0.9997,0,0,0,0,-1,0,0.8714,0,0,1],"parentBoneIndex":11,"length":0.9363
,"animation":{"dataType":3,"framePerSecond":30,"keys":[
{"frame":2,"values":[0.9999,-0.0251,0,0,-0.0251,-0.9997,0,0,0,0,-1,0,0.8714,0,0,1]},
{"frame":31,"values":[0.9999,-0.0251,0,0,-0.0251,-0.9997,0,0,0,0,-1,0,0.8714,0,0,1]},
{"frame":42,"values":[0.9999,-0.0251,0,0,-0.0251,-0.9997,0,0,0,0,-1,0,0.8714,0,0,1]},
{"frame":71,"values":[0.9999,-0.0251,0,0,-0.0251,-0.9997,0,0,0,0,-1,0,0.8714,0,0,1]}],"loopBehavior":1,"name":"anim","property":"_matrix"}},
{"name":"joint14","index":13,"matrix":[0.0037,1,0,0,-1,0.0037,0,0,0,0,1,0,0.9361,0,0,1],"rest":[0.0037,1,0,0,-1,0.0037,0,0,0,0,1,0,0.9363,0,0,1],"parentBoneIndex":12,"length":0.9363
,"animation":{"dataType":3,"framePerSecond":30,"keys":[
{"frame":2,"values":[0.0037,1,0,0,-1,0.0037,0,0,0,0,1,0,0.9361,0,0,1]},
{"frame":31,"values":[0.0037,1,0,0,-1,0.0037,0,0,0,0,1,0,0.9361,0,0,1]},
{"frame":42,"values":[0.0037,1,0,0,-1,0.0037,0,0,0,0,1,0,0.9361,0,0,1]},
{"frame":71,"values":[0.0037,1,0,0,-1,0.0037,0,0,0,0,1,0,0.9361,0,0,1]}],"loopBehavior":1,"name":"anim","property":"_matrix"}},
{"name":"joint15","index":14,"matrix":[0.2235,-0.9747,0,0,-0.9747,-0.2235,0,0,0,0,-1,0,-0.5191,-0.6772,0,1],"rest":[0.3422,-0.9396,0,0,-0.9396,-0.3422,0,0,0,0,-1,0,-0.5191,-0.6772,0,1],"parentBoneIndex":9,"length":0.2895
