{"producer":{"name":"Blender","version":"2.78 (sub 0)","exporter_version":"5.4.0","file":"MonkeyDive.babylon"},
"autoClear":true,"clearColor":[0.0509,0.0509,0.0509],"ambientColor":[0,0,0],"gravity":[0,-9.81,0],
"materials":[{"name":"MonkeyDive.phong1","id":"MonkeyDive.phong1","ambient":[1,1,1],"diffuse":[1,1,1],"specular":[0,0,0],"emissive":[0.1,0.1,0.1],"specularPower":1,"alpha":1,"backFaceCulling":true,"checkReadyOnlyOnce":false,"maxSimultaneousLights":4, 
"diffuseTexture":{"name":"MonkeyApe.png","level":1,"hasAlpha":1,"coordinatesMode":0,"uOffset":0,"vOffset":0,"uScale":1,"vScale":1,"uAng":0,"vAng":0,"wAng":0,"wrapU":1,"wrapV":1,"coordinatesIndex":0}}],
"multiMaterials":[],
"skeletons":[{"name":"Armature","id":0,"dimensionsAtRest":[18.2307,19.9032,0],"bones":[
{"name":"joint1","index":0,"matrix":[-0.4,0.0026,0,0,0.0026,0.4,0,0,0,0,0.4,0,0.0101,4.3305,0,1],"rest":[-0.4,0.0026,0,0,0.0026,0.4,0,0,0,0,0.4,0,0.0101,4.2434,0,1],"parentBoneIndex":-1,"length":2.7909
,"animation":{"dataType":3,"framePerSecond":30,"keys":[
{"frame":2,"values":[-0.4,0.0026,0,0,0.0026,0.4,0,0,0,0,0.4,0,0.0101,4.3305,0,1]},
{"frame":3,"values":[-0.4,0.0026,0,0,0.0026,0.4,0,0,0,0,0.4,0,0.0101,4.3041,0,1]},
{"frame":4,"values":[-0.4,0.0026,0,0,0.0026,0.4,0,0,0,0,0.4,0,0.0101,4.2334,0,1]},
{"frame":5,"values":[-0.4,0.0026,0,0,0.0026,0.4,0,0,0,0,0.4,0,0.0101,4.131,0,1]},
{"frame":6,"values":[-0.4,0.0026,0,0,0.0026,0.4,0,0,0,0,0.4,0,0.0101,4.0096,0,1]},
{"frame":7,"values":[-0.4,0.0026,0,0,0.0026,0.4,0,0,0,0,0.4,0,0.0101,3.8818,0,1]},
{"frame":8,"values":[-0.4,0.0026,0,0,0.0026,0.4,0,0,0,0,0.4,0,0.0101,3.7604,0,1]},
{"frame":9,"values":[-0.4,0.0026,0,0,0.0026,0.4,0,0,0,0,0.4,0,0.0101,3.658,0,1]},
{"frame":10,"values":[-0.4,0.0026,0,0,0.0026,0.4,0,0,0,0,0.4,0,0.0101,3.5873,0,1]},
{"frame":11,"values":[-0.4,0.0026,0,0,0.0026,0.4,0,0,0,0,0.4,0,0.0101,3.5609,0,1]},
{"frame":12,"values":[-0.4,0.0026,0,0,0.0026,0.4,0,0,0,0,0.4,0,0.0101,3.6,0,1]},
{"frame":13,"values":[-0.4,0.0026,0,0,0.0026,0.4,0,0,0,0,0.4,0,0.0101,3.7068,0,1]},
{"frame":14,"values":[-0.4,0.0026,0,0,0.0026,0.4,0,0,0,0,0.4,0,0.0101,3.866,0,1]},
{"frame":15,"values":[-0.4,0.0026,0,0,0.0026,0.4,0,0,0,0,0.4,0,0.0101,4.062,0,1]},
{"frame":16,"values":[-0.4,0.0026,0,0,0.0026,0.4,0,0,0,0,0.4,0,0.0101,4.2793,0,1]},
{"frame":17,"values":[-0.4,0.0026,0,0,0.0026,0.4,0,0,0,0,0.4,0,0.0101,4.5025,0,1]},
{"frame":18,"values":[-0.4,0.0026,0,0,0.0026,0.4,0,0,0,0,0.4,0,0.0101,4.716,0,1]},
{"frame":19,"values":[-0.4,0.0026,0,0,0.0026,0.4,0,0,0,0,0.4,0,0.0101,4.9043,0,1]},
{"frame":20,"values":[-0.4,0.0026,0,0,0.0026,0.4,0,0,0,0,0.4,0,0.0101,5.052,0,1]},
{"frame":21,"values":[-0.4,0.0026,0,0,0.0026,0.4,0,0,0,0,0.4,0,0.0101,5.1436,0,1]},
{"frame":22,"values":[-0.4,0.0026,0,0,0.0026,0.4,-0.0016,0,0,0.0016,0.4,0,0.0101,5.1991,0,1]},
{"frame":23,"values":[-0.4,0.0026,0,0,0.0026,0.3999,-0.0065,0,0,0.0065,0.3999,0,0.0101,5.2491,0,1]},
{"frame":24,"values":[-0.4,0.0026,0,0,0.0026,0.3997,-0.0143,0,0.0001,0.0143,0.3997,0,0.0101,5.2938,0,1]},
{"frame":25,"values":[-0.4,0.0026,0,0,0.0026,0.3992,-0.0249,0,0.0002,0.0249,0.3992,0,0.0101,5.3335,0,1]},
{"frame":26,"values":[-0.4,0.0026,0,0,0.0026,0.3982,-0.0382,0,0.0002,0.0382,0.3982,0,0.0101,5.3686,0,1]},
{"frame":27,"values":[-0.4,0.0026,0,0,0.0026,0.3963,-0.0539,0,0.0004,0.0539,0.3964,0,0.0101,5.3992,0,1]},
{"frame":28,"values":[-0.4,0.0026,0,0,0.0026,0.3935,-0.0718,0,0.0005,0.0718,0.3935,0,0.0101,5.4258,0,1]},
{"frame":29,"values":[-0.4,0.0026,0,0,0.0025,0.3893,-0.0917,0,0.0006,0.0917,0.3893,0,0.0101,5.4487,0,1]},
{"frame":30,"values":[-0.4,0.0026,0,0,0.0025,0.3836,-0.1133,0,0.0007,0.1133,0.3836,0,0.0101,5.468,0,1]},
{"frame":31,"values":[-0.4,0.0026,0,0,0.0025,0.3761,-0.1362,0,0.0009,0.1362,0.3761,0,0.0101,5.4841,0,1]},
{"frame":32,"values":[-0.4,0.0026,0,0,0.0024,0.3665,-0.1602,0,0.001,0.1602,0.3665,0,0.0101,5.4972,0,1]},
{"frame":33,"values":[-0.4,0.0026,0,0,0.0023,0.3547,-0.1849,0,0.0012,0.1849,0.3547,0,0.0101,5.5078,0,1]},
{"frame":34,"values":[-0.4,0.0026,0,0,0.0022,0.3406,-0.2098,0,0.0014,0.2098,0.3406,0,0.0101,5.516,0,1]},
{"frame":35,"values":[-0.4,0.0026,0,0,0.0021,0.324,-0.2346,0,0.0015,0.2346,0.324,0,0.0101,5.5222,0,1]},
{"frame":36,"values":[-0.4,0.0026,0,0,0.002,0.305,-0.2588,0,0.0017,0.2588,0.305,0,0.0101,5.5266,0,1]},
{"frame":37,"values":[-0.4,0.0026,0,0,0.0019,0.2835,-0.2822,0,0.0018,0.2821,0.2835,0,0.0101,5.5296,0,1]},
{"frame":38,"values":[-0.4,0.0026,0,0,0.0017,0.2598,-0.3041,0,0.002,0.3041,0.2598,0,0.0101,5.5314,0,1]},
{"frame":39,"values":[-0.4,0.0026,0,0,0.0015,0.234,-0.3244,0,0.0021,0.3244,0.234,0,0.0101,5.5323,0,1]},
{"frame":40,"values":[-0.4,0.0026,0,0,0.0013,0.2063,-0.3427,0,0.0022,0.3427,0.2063,0,0.0101,5.5327,0,1]},
{"frame":41,"values":[-0.4,0.0026,0,0,0.0012,0.1771,-0.3587,0,0.0023,0.3587,0.1771,0,0.0101,5.5327,0,1]},
{"frame":42,"values":[-0.4,0.0026,0,0,0.001,0.1466,-0.3722,0,0.0024,0.3722,0.1466,0,0.0101,5.5068,0,1]},
{"frame":43,"values":[-0.4,0.0026,0,0,0.0008,0.1153,-0.383,0,0.0025,0.383,0.1153,0,0.0101,5.4324,0,1]},
{"frame":44,"values":[-0.4,0.0026,0,0,0.0005,0.0835,-0.3912,0,0.0026,0.3912,0.0835,0,0.0101,5.3144,0,1]},
{"frame":45,"values":[-0.4,0.0026,0,0,0.0003,0.0516,-0.3967,0,0.0026,0.3966,0.0516,0,0.0101,5.1576,0,1]},
{"frame":46,"values":[-0.4,0.0026,0,0,0.0001,0.0201,-0.3995,0,0.0026,0.3995,0.0201,0,0.0101,4.9667,0,1]},
{"frame":47,"values":[-0.4,0.0026,0,0,-0.0001,-0.0107,-0.3999,0,0.0026,0.3998,-0.0107,0,0.0101,4.7468,0,1]},
{"frame":48,"values":[-0.4,0.0026,0,0,-0.0003,-0.0405,-0.3979,0,0.0026,0.3979,-0.0405,0,0.0101,4.5026,0,1]},
{"frame":49,"values":[-0.4,0.0026,0,0,-0.0005,-0.0689,-0.394,0,0.0026,0.394,-0.0689,0,0.0101,4.239,0,1]},
{"frame":50,"values":[-0.4,0.0026,0,0,-0.0006,-0.0956,-0.3884,0,0.0025,0.3884,-0.0956,0,0.0101,3.9609,0,1]},
{"frame":51,"values":[-0.4,0.0026,0,0,-0.0008,-0.1205,-0.3814,0,0.0025,0.3814,-0.1205,0,0.0101,3.673,0,1]},
{"frame":52,"values":[-0.4,0.0026,0,0,-0.0009,-0.1433,-0.3735,0,0.0024,0.3734,-0.1433,0,0.0101,3.3803,0,1]},
{"frame":53,"values":[-0.4,0.0026,0,0,-0.0011,-0.1639,-0.3649,0,0.0024,0.3649,-0.1639,0,0.0101,3.0875,0,1]},
{"frame":54,"values":[-0.4,0.0026,0,0,-0.0012,-0.1822,-0.3561,0,0.0023,0.3561,-0.1822,0,0.0101,2.7996,0,1]},
{"frame":55,"values":[-0.4,0.0026,0,0,-0.0013,-0.1982,-0.3474,0,0.0023,0.3474,-0.1982,0,0.0101,2.5214,0,1]},
{"frame":56,"values":[-0.4,0.0026,0,0,-0.0014,-0.2118,-0.3393,0,0.0022,0.3393,-0.2118,0,0.0101,2.2577,0,1]},
{"frame":57,"values":[-0.4,0.0026,0,0,-0.0015,-0.223,-0.3321,0,0.0022,0.3321,-0.223,0,0.0101,2.0134,0,1]},
{"frame":58,"values":[-0.4,0.0026,0,0,-0.0015,-0.2317,-0.326,0,0.0021,0.326,-0.2317,0,0.0101,1.7933,0,1]},
{"frame":59,"values":[-0.4,0.0026,0,0,-0.0016,-0.238,-0.3215,0,0.0021,0.3214,-0.238,0,0.0101,1.6023,0,1]},
{"frame":60,"values":[-0.4,0.0026,0,0,-0.0016,-0.2419,-0.3186,0,0.0021,0.3186,-0.2419,0,0.0101,1.4452,0,1]},
{"frame":61,"values":[-0.4,0.0026,0,0,-0.0016,-0.2432,-0.3176,0,0.0021,0.3176,-0.2432,0,0.0101,1.327,0,1]},
{"frame":62,"values":[-0.4,0.0026,0,0,-0.0016,-0.2429,-0.3178,0,0.0021,0.3178,-0.2429,0,0.0101,1.2329,0,1]},
{"frame":63,"values":[-0.4,0.0026,0,0,-0.0016,-0.242,-0.3185,0,0.0021,0.3185,-0.242,0,0.0101,1.1451,0,1]},
{"frame":64,"values":[-0.4,0.0026,0,0,-0.0016,-0.2406,-0.3196,0,0.0021,0.3196,-0.2406,0,0.0101,1.0634,0,1]},
{"frame":65,"values":[-0.4,0.0026,0,0,-0.0016,-0.2385,-0.3211,0,0.0021,0.3211,-0.2385,0,0.0101,0.9875,0,1]},
{"frame":66,"values":[-0.4,0.0026,0,0,-0.0015,-0.2359,-0.323,0,0.0021,0.323,-0.2359,0,0.0101,0.9172,0,1]},
{"frame":67,"values":[-0.4,0.0026,0,0,-0.0015,-0.2328,-0.3253,0,0.0021,0.3253,-0.2328,0,0.0101,0.8523,0,1]},
{"frame":68,"values":[-0.4,0.0026,0,0,-0.0015,-0.2291,-0.3279,0,0.0021,0.3279,-0.2291,0,0.0101,0.7926,0,1]},
{"frame":69,"values":[-0.4,0.0026,0,0,-0.0015,-0.2248,-0.3308,0,0.0022,0.3308,-0.2248,0,0.0101,0.7379,0,1]},
{"frame":70,"values":[-0.4,0.0026,0,0,-0.0014,-0.22,-0.334,0,0.0022,0.334,-0.22,0,0.0101,0.6879,0,1]},
{"frame":71,"values":[-0.4,0.0026,0,0,-0.0014,-0.2147,-0.3375,0,0.0022,0.3375,-0.2147,0,0.0101,0.6425,0,1]},
{"frame":72,"values":[-0.4,0.0026,0,0,-0.0014,-0.2088,-0.3412,0,0.0022,0.3412,-0.2088,0,0.0101,0.6014,0,1]},
{"frame":73,"values":[-0.4,0.0026,0,0,-0.0013,-0.2023,-0.3451,0,0.0023,0.3451,-0.2023,0,0.0101,0.5644,0,1]},
{"frame":74,"values":[-0.4,0.0026,0,0,-0.0013,-0.1953,-0.3491,0,0.0023,0.3491,-0.1953,0,0.0101,0.5313,0,1]},
{"frame":75,"values":[-0.4,0.0026,0,0,-0.0012,-0.1877,-0.3532,0,0.0023,0.3532,-0.1877,0,0.0101,0.5018,0,1]},
{"frame":76,"values":[-0.4,0.0026,0,0,-0.0012,-0.1796,-0.3574,0,0.0023,0.3574,-0.1797,0,0.0101,0.4759,0,1]},
{"frame":77,"values":[-0.4,0.0026,0,0,-0.0011,-0.171,-0.3616,0,0.0024,0.3616,-0.171,0,0.0101,0.4531,0,1]},
{"frame":78,"values":[-0.4,0.0026,0,0,-0.0011,-0.1618,-0.3658,0,0.0024,0.3658,-0.1618,0,0.0101,0.4334,0,1]},
{"frame":79,"values":[-0.4,0.0026,0,0,-0.001,-0.1521,-0.3699,0,0.0024,0.3699,-0.1521,0,0.0101,0.4165,0,1]},
{"frame":80,"values":[-0.4,0.0026,0,0,-0.0009,-0.1419,-0.374,0,0.0024,0.374,-0.1419,0,0.0101,0.4022,0,1]},
{"frame":81,"values":[-0.4,0.0026,0,0,-0.0009,-0.1312,-0.3779,0,0.0025,0.3779,-0.1312,0,0.0101,0.3903,0,1]},
{"frame":82,"values":[-0.4,0.0026,0,0,-0.0008,-0.12,-0.3816,0,0.0025,0.3816,-0.12,0,0.0101,0.3805,0,1]},
{"frame":83,"values":[-0.4,0.0026,0,0,-0.0007,-0.1083,-0.3851,0,0.0025,0.3851,-0.1083,0,0.0101,0.3727,0,1]},
{"frame":84,"values":[-0.4,0.0026,0,0,-0.0006,-0.0961,-0.3883,0,0.0025,0.3883,-0.0961,0,0.0101,0.3666,0,1]},
{"frame":85,"values":[-0.4,0.0026,0,0,-0.0005,-0.0835,-0.3912,0,0.0026,0.3912,-0.0835,0,0.0101,0.3621,0,1]},
{"frame":86,"values":[-0.4,0.0026,0,0,-0.0005,-0.0705,-0.3937,0,0.0026,0.3937,-0.0705,0,0.0101,0.3588,0,1]},
{"frame":87,"values":[-0.4,0.0026,0,0,-0.0004,-0.0571,-0.3959,0,0.0026,0.3959,-0.0571,0,0.0101,0.3566,0,1]},
{"frame":88,"values":[-0.4,0.0026,0,0,-0.0003,-0.0433,-0.3977,0,0.0026,0.3976,-0.0433,0,0.0101,0.3552,0,1]},
{"frame":89,"values":[-0.4,0.0026,0,0,-0.0002,-0.0291,-0.3989,0,0.0026,0.3989,-0.0291,0,0.0101,0.3546,0,1]},
{"frame":90,"values":[-0.4,0.0026,0,0,-0.0001,-0.0147,-0.3997,0,0.0026,0.3997,-0.0147,0,0.0101,0.3543,0,1]},
{"frame":91,"values":[-0.4,0.0026,0,0,0,0,-0.4,0,0.0026,0.4,0,0,0.0101,0.3543,0,1]},
{"frame":92,"values":[-0.4,0.0026,0,0,0.0001,0.0159,-0.3997,0,0.0026,0.3997,0.0159,0,0.0101,0.3673,0,1]},
{"frame":93,"values":[-0.4,0.0026,0,0,0.0002,0.0338,-0.3986,0,0.0026,0.3986,0.0338,0,0.0101,0.4051,0,1]},
{"frame":94,"values":[-0.4,0.0026,0,0,0.0003,0.0535,-0.3964,0,0.0026,0.3964,0.0535,0,0.0101,0.4661,0,1]},
{"frame":95,"values":[-0.4,0.0026,0,0,0.0005,0.0746,-0.393,0,0.0026,0.393,0.0746,0,0.0101,0.5483,0,1]},
{"frame":96,"values":[-0.4,0.0026,0,0,0.0006,0.0971,-0.388,0,0.0025,0.388,0.0971,0,0.0101,0.65,0,1]},
{"frame":97,"values":[-0.4,0.0026,0,0,0.0008,0.1204,-0.3815,0,0.0025,0.3814,0.1204,0,0.0101,0.7695,0,1]},
{"frame":98,"values":[-0.4,0.0026,0,0,0.0009,0.1443,-0.373,0,0.0024,0.373,0.1443,0,0.0101,0.905,0,1]},
{"frame":99,"values":[-0.4,0.0026,0,0,0.0011,0.1686,-0.3627,0,0.0024,0.3627,0.1686,0,0.0101,1.0546,0,1]},
{"frame":100,"values":[-0.4,0.0026,0,0,0.0013,0.1927,-0.3505,0,0.0023,0.3505,0.1927,0,0.0101,1.2167,0,1]},
{"frame":101,"values":[-0.4,0.0026,0,0,0.0014,0.2165,-0.3363,0,0.0022,0.3363,0.2165,0,0.0101,1.3894,0,1]},
{"frame":102,"values":[-0.4,0.0026,0,0,0.0016,0.2396,-0.3203,0,0.0021,0.3203,0.2396,0,0.0101,1.571,0,1]},
{"frame":103,"values":[-0.4,0.0026,0,0,0.0017,0.2617,-0.3025,0,0.002,0.3025,0.2617,0,0.0101,1.7597,0,1]},
{"frame":104,"values":[-0.4,0.0026,0,0,0.0018,0.2824,-0.2832,0,0.0019,0.2832,0.2824,0,0.0101,1.9537,0,1]},
{"frame":105,"values":[-0.4,0.0026,0,0,0.002,0.3017,-0.2626,0,0.0017,0.2626,0.3017,0,0.0101,2.1513,0,1]},
{"frame":106,"values":[-0.4,0.0026,0,0,0.0021,0.3193,-0.2409,0,0.0016,0.2409,0.3193,0,0.0101,2.3506,0,1]},
{"frame":107,"values":[-0.4,0.0026,0,0,0.0022,0.3351,-0.2185,0,0.0014,0.2185,0.3351,0,0.0101,2.5499,0,1]},
{"frame":108,"values":[-0.4,0.0026,0,0,0.0023,0.3489,-0.1956,0,0.0013,0.1956,0.3489,0,0.0101,2.7475,0,1]},
{"frame":109,"values":[-0.4,0.0026,0,0,0.0024,0.3608,-0.1726,0,0.0011,0.1726,0.3608,0,0.0101,2.9415,0,1]},
{"frame":110,"values":[-0.4,0.0026,0,0,0.0024,0.3709,-0.1498,0,0.001,0.1498,0.3709,0,0.0101,3.1302,0,1]},
{"frame":111,"values":[-0.4,0.0026,0,0,0.0025,0.3791,-0.1277,0,0.0008,0.1277,0.3791,0,0.0101,3.3118,0,1]},
{"frame":112,"values":[-0.4,0.0026,0,0,0.0025,0.3856,-0.1064,0,0.0007,0.1064,0.3856,0,0.0101,3.4845,0,1]},
{"frame":113,"values":[-0.4,0.0026,0,0,0.0026,0.3906,-0.0863,0,0.0006,0.0863,0.3906,0,0.0101,3.6466,0,1]},
{"frame":114,"values":[-0.4,0.0026,0,0,0.0026,0.3942,-0.0678,0,0.0004,0.0678,0.3942,0,0.0101,3.7963,0,1]},
{"frame":115,"values":[-0.4,0.0026,0,0,0.0026,0.3967,-0.051,0,0.0003,0.051,0.3967,0,0.0101,3.9317,0,1]},
{"frame":116,"values":[-0.4,0.0026,0,0,0.0026,0.3984,-0.0362,0,0.0002,0.0362,0.3984,0,0.0101,4.0512,0,1]},
{"frame":117,"values":[-0.4,0.0026,0,0,0.0026,0.3993,-0.0237,0,0.0002,0.0237,0.3993,0,0.0101,4.1529,0,1]},
{"frame":118,"values":[-0.4,0.0026,0,0,0.0026,0.3998,-0.0136,0,0.0001,0.0136,0.3998,0,0.0101,4.2351,0,1]},
{"frame":119,"values":[-0.4,0.0026,0,0,0.0026,0.3999,-0.0062,0,0,0.0062,0.4,0,0.0101,4.2961,0,1]},
{"frame":120,"values":[-0.4,0.0026,0,0,0.0026,0.4,-0.0016,0,0,0.0016,0.4,0,0.0101,4.3339,0,1]},
{"frame":121,"values":[-0.4,0.0026,0,0,0.0026,0.4,0,0,0,0,0.4,0,0.0101,4.3469,0,1]}],"loopBehavior":1,"name":"anim","property":"_matrix"}},
{"name":"joint2","index":1,"matrix":[0.9235,-0.2077,-0.3224,0,0.3835,0.488,0.7841,0,-0.0055,-0.8478,0.5303,0,2.6684,0,0,1],"rest":[1,-0.0065,0,0,0.0065,1,0,0,0,0,1,0,2.6684,0,0,1],"parentBoneIndex":0,"length":2.9125
,"animation":{"dataType":3,"framePerSecond":30,"keys":[
{"frame":2,"values":[0.9235,-0.2077,-0.3224,0,0.3835,0.488,0.7841,0,-0.0055,-0.8478,0.5303,0,2.6684,0,0,1]},
{"frame":3,"values":[0.9245,-0.1976,-0.3259,0,0.3811,0.4906,0.7836,0,0.0051,-0.8487,0.5289,0,2.6684,0,0,1]},
{"frame":4,"values":[0.9254,-0.1875,-0.3295,0,0.3787,0.4932,0.7831,0,0.0157,-0.8495,0.5274,0,2.6684,0,0,1]},
{"frame":5,"values":[0.9261,-0.1773,-0.333,0,0.3763,0.4958,0.7827,0,0.0263,-0.8501,0.5259,0,2.6684,0,0,1]},
{"frame":6,"values":[0.9267,-0.1671,-0.3365,0,0.3739,0.4984,0.7822,0,0.037,-0.8507,0.5243,0,2.6684,0,0,1]},
{"frame":7,"values":[0.9272,-0.157,-0.34,0,0.3714,0.5009,0.7818,0,0.0476,-0.8512,0.5228,0,2.6684,0,0,1]},
{"frame":8,"values":[0.9276,-0.1468,-0.3435,0,0.3689,0.5034,0.7813,0,0.0582,-0.8515,0.5211,0,2.6684,0,0,1]},
{"frame":9,"values":[0.9279,-0.1366,-0.3469,0,0.3664,0.5059,0.7809,0,0.0688,-0.8517,0.5195,0,2.6684,0,0,1]},
{"frame":10,"values":[0.9281,-0.1264,-0.3504,0,0.3639,0.5083,0.7805,0,0.0795,-0.8518,0.5178,0,2.6684,0,0,1]},
{"frame":11,"values":[0.9281,-0.1162,-0.3538,0,0.3613,0.5108,0.7801,0,0.0901,-0.8518,0.516,0,2.6684,0,0,1]},
{"frame":12,"values":[0.9263,-0.1149,-0.3589,0,0.3727,0.4203,0.8273,0,0.0558,-0.9001,0.4322,0,2.6684,0,0,1]},
{"frame":13,"values":[0.9245,-0.1131,-0.3639,0,0.3806,0.3232,0.8664,0,0.0197,-0.9395,0.3419,0,2.6684,0,0,1]},
{"frame":14,"values":[0.9229,-0.1106,-0.3689,0,0.3847,0.2208,0.8962,0,-0.0177,-0.969,0.2463,0,2.6684,0,0,1]},
{"frame":15,"values":[0.9213,-0.1076,-0.3737,0,0.3848,0.1145,0.9159,0,-0.0558,-0.9876,0.1469,0,2.6684,0,0,1]},
{"frame":16,"values":[0.9199,-0.1041,-0.3781,0,0.3808,0.0062,0.9246,0,-0.0939,-0.9946,0.0454,0,2.6684,0,0,1]},
{"frame":17,"values":[0.9187,-0.1,-0.3822,0,0.3726,-0.1021,0.9224,0,-0.1313,-0.9897,-0.0566,0,2.6684,0,0,1]},
{"frame":18,"values":[0.9176,-0.0955,-0.3858,0,0.3605,-0.2087,0.9091,0,-0.1674,-0.9733,-0.1571,0,2.6684,0,0,1]},
{"frame":19,"values":[0.9168,-0.0908,-0.3889,0,0.3448,-0.3116,0.8854,0,-0.2016,-0.9459,-0.2544,0,2.6684,0,0,1]},
{"frame":20,"values":[0.9162,-0.0858,-0.3915,0,0.3259,-0.4094,0.8522,0,-0.2334,-0.9083,-0.3471,0,2.6684,0,0,1]},
{"frame":21,"values":[0.9157,-0.0806,-0.3936,0,0.3043,-0.5006,0.8104,0,-0.2624,-0.8619,-0.4339,0,2.6684,0,0,1]},
{"frame":22,"values":[0.9143,-0.0772,-0.3976,0,0.309,-0.5016,0.808,0,-0.2618,-0.8616,-0.4348,0,2.6684,0,0,1]},
{"frame":23,"values":[0.9129,-0.0738,-0.4015,0,0.3138,-0.5026,0.8056,0,-0.2612,-0.8614,-0.4356,0,2.6684,0,0,1]},
{"frame":24,"values":[0.9114,-0.0703,-0.4055,0,0.3185,-0.5035,0.8032,0,-0.2606,-0.8611,-0.4365,0,2.6684,0,0,1]},
{"frame":25,"values":[0.9099,-0.0669,-0.4094,0,0.3232,-0.5044,0.8007,0,-0.26,-0.8609,-0.4374,0,2.6684,0,0,1]},
{"frame":26,"values":[0.9084,-0.0634,-0.4133,0,0.3279,-0.5053,0.7982,0,-0.2595,-0.8606,-0.4382,0,2.6684,0,0,1]},
{"frame":27,"values":[0.9068,-0.0599,-0.4172,0,0.3326,-0.5062,0.7957,0,-0.2589,-0.8603,-0.4391,0,2.6684,0,0,1]},
{"frame":28,"values":[0.9052,-0.0565,-0.4211,0,0.3373,-0.5071,0.7932,0,-0.2583,-0.8601,-0.44,0,2.6684,0,0,1]},
{"frame":29,"values":[0.9036,-0.053,-0.425,0,0.342,-0.5079,0.7906,0,-0.2578,-0.8598,-0.4408,0,2.6684,0,0,1]},
{"frame":30,"values":[0.902,-0.0495,-0.4289,0,0.3467,-0.5087,0.788,0,-0.2572,-0.8595,-0.4417,0,2.6684,0,0,1]},
{"frame":31,"values":[0.9004,-0.0461,-0.4327,0,0.3514,-0.5095,0.7854,0,-0.2567,-0.8592,-0.4426,0,2.6684,0,0,1]},
{"frame":32,"values":[0.9031,-0.0398,-0.4277,0,0.3522,-0.5011,0.7905,0,-0.2458,-0.8645,-0.4385,0,2.6684,0,0,1]},
{"frame":33,"values":[0.9057,-0.0335,-0.4226,0,0.353,-0.4927,0.7954,0,-0.2349,-0.8696,-0.4344,0,2.6684,0,0,1]},
{"frame":34,"values":[0.9082,-0.0272,-0.4176,0,0.3536,-0.4842,0.8004,0,-0.2239,-0.8746,-0.4301,0,2.6684,0,0,1]},
{"frame":35,"values":[0.9106,-0.0207,-0.4127,0,0.3541,-0.4756,0.8052,0,-0.213,-0.8794,-0.4258,0,2.6684,0,0,1]},
{"frame":36,"values":[0.913,-0.0143,-0.4077,0,0.3545,-0.4671,0.8101,0,-0.202,-0.8841,-0.4214,0,2.6684,0,0,1]},
{"frame":37,"values":[0.9152,-0.0075,-0.4029,0,0.353,-0.4673,0.8106,0,-0.1943,-0.8841,-0.425,0,2.6684,0,0,1]},
{"frame":38,"values":[0.9174,-0.0007,-0.3981,0,0.3516,-0.4675,0.8111,0,-0.1866,-0.884,-0.4286,0,2.6684,0,0,1]},
{"frame":39,"values":[0.9194,0.0061,-0.3932,0,0.3502,-0.4677,0.8115,0,-0.1789,-0.8838,-0.4322,0,2.6684,0,0,1]},
{"frame":40,"values":[0.9215,0.0129,-0.3883,0,0.3487,-0.468,0.812,0,-0.1712,-0.8836,-0.4357,0,2.6684,0,0,1]},
{"frame":41,"values":[0.9234,0.0197,-0.3833,0,0.3473,-0.4682,0.8125,0,-0.1635,-0.8834,-0.4392,0,2.6684,0,0,1]},
{"frame":42,"values":[0.9253,0.0265,-0.3784,0,0.3459,-0.4685,0.8129,0,-0.1557,-0.8831,-0.4427,0,2.6684,0,0,1]},
{"frame":43,"values":[0.9271,0.0333,-0.3733,0,0.3444,-0.4688,0.8134,0,-0.1479,-0.8827,-0.4461,0,2.6684,0,0,1]},
{"frame":44,"values":[0.9288,0.0401,-0.3683,0,0.343,-0.4691,0.8138,0,-0.1401,-0.8822,-0.4495,0,2.6684,0,0,1]},
{"frame":45,"values":[0.9305,0.0469,-0.3632,0,0.3415,-0.4694,0.8143,0,-0.1323,-0.8817,-0.4528,0,2.6684,0,0,1]},
{"frame":46,"values":[0.9321,0.0537,-0.3581,0,0.3401,-0.4697,0.8147,0,-0.1244,-0.8812,-0.4561,0,2.6684,0,0,1]},
{"frame":47,"values":[0.9337,0.0605,-0.353,0,0.3387,-0.47,0.8151,0,-0.1166,-0.8806,-0.4593,0,2.6684,0,0,1]},
{"frame":48,"values":[0.9351,0.0673,-0.3479,0,0.3372,-0.4703,0.8155,0,-0.1087,-0.8799,-0.4625,0,2.6684,0,0,1]},
{"frame":49,"values":[0.9365,0.0741,-0.3427,0,0.3358,-0.4707,0.8159,0,-0.1008,-0.8792,-0.4657,0,2.6684,0,0,1]},
{"frame":50,"values":[0.9379,0.0809,-0.3375,0,0.3343,-0.471,0.8163,0,-0.093,-0.8784,-0.4688,0,2.6684,0,0,1]},
{"frame":51,"values":[0.9391,0.0876,-0.3322,0,0.3329,-0.4714,0.8167,0,-0.0851,-0.8776,-0.4719,0,2.6684,0,0,1]},
{"frame":52,"values":[0.9403,0.0944,-0.327,0,0.3315,-0.4718,0.8171,0,-0.0772,-0.8767,-0.4749,0,2.6684,0,0,1]},
{"frame":53,"values":[0.9414,0.1011,-0.3217,0,0.33,-0.4721,0.8174,0,-0.0692,-0.8757,-0.4779,0,2.6684,0,0,1]},
{"frame":54,"values":[0.9425,0.1078,-0.3164,0,0.3286,-0.4725,0.8178,0,-0.0613,-0.8747,-0.4808,0,2.6684,0,0,1]},
{"frame":55,"values":[0.9435,0.1146,-0.311,0,0.3272,-0.4729,0.8181,0,-0.0534,-0.8736,-0.4837,0,2.6684,0,0,1]},
{"frame":56,"values":[0.9444,0.1213,-0.3057,0,0.3257,-0.4733,0.8185,0,-0.0454,-0.8725,-0.4865,0,2.6684,0,0,1]},
{"frame":57,"values":[0.9452,0.128,-0.3003,0,0.3243,-0.4738,0.8188,0,-0.0375,-0.8713,-0.4893,0,2.6684,0,0,1]},
{"frame":58,"values":[0.946,0.1347,-0.2949,0,0.3228,-0.4742,0.8191,0,-0.0295,-0.8701,-0.492,0,2.6684,0,0,1]},
{"frame":59,"values":[0.9467,0.1413,-0.2895,0,0.3214,-0.4746,0.8194,0,-0.0216,-0.8688,-0.4947,0,2.6684,0,0,1]},
{"frame":60,"values":[0.9473,0.148,-0.284,0,0.32,-0.4751,0.8197,0,-0.0136,-0.8674,-0.4974,0,2.6684,0,0,1]},
{"frame":61,"values":[0.9479,0.1546,-0.2786,0,0.3186,-0.4755,0.82,0,-0.0057,-0.866,-0.5,0,2.6684,0,0,1]},
{"frame":62,"values":[0.9626,0.1525,-0.2241,0,0.2701,-0.4694,0.8407,0,0.023,-0.8697,-0.493,0,2.6684,0,0,1]},
{"frame":63,"values":[0.9744,0.1507,-0.1671,0,0.2189,-0.4629,0.8589,0,0.0521,-0.8735,-0.484,0,2.6684,0,0,1]},
{"frame":64,"values":[0.9829,0.1493,-0.1077,0,0.1651,-0.4561,0.8745,0,0.0815,-0.8773,-0.473,0,2.6684,0,0,1]},
{"frame":65,"values":[0.9879,0.1484,-0.046,0,0.1088,-0.4489,0.8869,0,0.1109,-0.8812,-0.4596,0,2.6684,0,0,1]},
{"frame":66,"values":[0.9888,0.148,0.0175,0,0.0502,-0.4415,0.8959,0,0.1403,-0.885,-0.444,0,2.6684,0,0,1]},
{"frame":67,"values":[0.9855,0.1481,0.0827,0,-0.0104,-0.4337,0.901,0,0.1693,-0.8888,-0.4259,0,2.6684,0,0,1]},
{"frame":68,"values":[0.9776,0.1488,0.149,0,-0.0727,-0.4257,0.9019,0,0.1976,-0.8925,-0.4054,0,2.6684,0,0,1]},
{"frame":69,"values":[0.9648,0.1501,0.216,0,-0.1362,-0.4176,0.8984,0,0.225,-0.8962,-0.3824,0,2.6684,0,0,1]},
{"frame":70,"values":[0.9469,0.1521,0.2832,0,-0.2005,-0.4093,0.8901,0,0.2513,-0.8997,-0.3571,0,2.6684,0,0,1]},
{"frame":71,"values":[0.9239,0.1547,0.3501,0,-0.2651,-0.4009,0.8769,0,0.276,-0.903,-0.3294,0,2.6684,0,0,1]},
{"frame":72,"values":[0.8956,0.158,0.4159,0,-0.3295,-0.3926,0.8587,0,0.299,-0.906,-0.2995,0,2.6684,0,0,1]},
{"frame":73,"values":[0.8621,0.162,0.4802,0,-0.3931,-0.3843,0.8353,0,0.3199,-0.9089,-0.2676,0,2.6684,0,0,1]},
{"frame":74,"values":[0.8235,0.1666,0.5423,0,-0.4553,-0.3762,0.807,0,0.3385,-0.9114,-0.2339,0,2.6684,0,0,1]},
{"frame":75,"values":[0.7801,0.1719,0.6016,0,-0.5155,-0.3683,0.7737,0,0.3546,-0.9137,-0.1987,0,2.6684,0,0,1]},
{"frame":76,"values":[0.7322,0.1778,0.6575,0,-0.5732,-0.3607,0.7358,0,0.368,-0.9156,-0.1622,0,2.6684,0,0,1]},
{"frame":77,"values":[0.6801,0.1842,0.7096,0,-0.6278,-0.3535,0.6935,0,0.3786,-0.9171,-0.1248,0,2.6684,0,0,1]},
{"frame":78,"values":[0.6244,0.1911,0.7573,0,-0.6788,-0.3467,0.6473,0,0.3863,-0.9183,-0.0868,0,2.6684,0,0,1]},
{"frame":79,"values":[0.5657,0.1985,0.8004,0,-0.726,-0.3405,0.5975,0,0.3911,-0.9191,-0.0485,0,2.6684,0,0,1]},
{"frame":80,"values":[0.5044,0.2062,0.8385,0,-0.7689,-0.3347,0.5448,0,0.393,-0.9195,-0.0103,0,2.6684,0,0,1]},
{"frame":81,"values":[0.4411,0.2141,0.8715,0,-0.8073,-0.3295,0.4896,0,0.392,-0.9196,0.0275,0,2.6684,0,0,1]},
{"frame":82,"values":[0.3766,0.2223,0.8993,0,-0.8411,-0.3249,0.4325,0,0.3883,-0.9193,0.0646,0,2.6684,0,0,1]},
{"frame":83,"values":[0.3113,0.2305,0.9219,0,-0.8701,-0.3209,0.374,0,0.3821,-0.9186,0.1007,0,2.6684,0,0,1]},
{"frame":84,"values":[0.2459,0.2388,0.9394,0,-0.8945,-0.3175,0.3148,0,0.3734,-0.9177,0.1356,0,2.6684,0,0,1]},
{"frame":85,"values":[0.1808,0.2471,0.952,0,-0.9142,-0.3147,0.2553,0,0.3626,-0.9165,0.169,0,2.6684,0,0,1]},
{"frame":86,"values":[0.1165,0.2553,0.9598,0,-0.9295,-0.3124,0.196,0,0.3499,-0.915,0.2009,0,2.6684,0,0,1]},
{"frame":87,"values":[0.0536,0.2634,0.9632,0,-0.9405,-0.3107,0.1373,0,0.3354,-0.9133,0.2311,0,2.6684,0,0,1]},
{"frame":88,"values":[-0.0078,0.2713,0.9625,0,-0.9475,-0.3095,0.0796,0,0.3195,-0.9114,0.2594,0,2.6684,0,0,1]},
{"frame":89,"values":[-0.0672,0.2789,0.958,0,-0.9508,-0.3089,0.0233,0,0.3024,-0.9093,0.2859,0,2.6684,0,0,1]},
{"frame":90,"values":[-0.1244,0.2863,0.95,0,-0.9507,-0.3086,-0.0315,0,0.2842,-0.9071,0.3105,0,2.6684,0,0,1]},
{"frame":91,"values":[-0.1793,0.2934,0.939,0,-0.9474,-0.3088,-0.0844,0,0.2652,-0.9048,0.3333,0,2.6684,0,0,1]},
{"frame":92,"values":[-0.152,0.3297,0.9318,0,-0.9587,-0.2786,-0.0578,0,0.2405,-0.902,0.3584,0,2.6684,0,0,1]},
{"frame":93,"values":[-0.1231,0.3655,0.9226,0,-0.9686,-0.2465,-0.0315,0,0.2159,-0.8975,0.3844,0,2.6684,0,0,1]},
{"frame":94,"values":[-0.0925,0.4007,0.9115,0,-0.9771,-0.2126,-0.0057,0,0.1915,-0.8912,0.4112,0,2.6684,0,0,1]},
{"frame":95,"values":[-0.0602,0.4351,0.8984,0,-0.984,-0.1768,0.0196,0,0.1674,-0.8829,0.4388,0,2.6684,0,0,1]},
{"frame":96,"values":[-0.0264,0.4683,0.8832,0,-0.9893,-0.1393,0.0442,0,0.1437,-0.8725,0.4669,0,2.6684,0,0,1]},
{"frame":97,"values":[0.0088,0.5001,0.8659,0,-0.9927,-0.1001,0.0679,0,0.1206,-0.8601,0.4956,0,2.6684,0,0,1]},
{"frame":98,"values":[0.0454,0.5305,0.8465,0,-0.9941,-0.0594,0.0906,0,0.0983,-0.8456,0.5247,0,2.6684,0,0,1]},
{"frame":99,"values":[0.0833,0.559,0.825,0,-0.9936,-0.0172,0.112,0,0.0768,-0.829,0.554,0,2.6684,0,0,1]},
{"frame":100,"values":[0.1222,0.5856,0.8014,0,-0.9909,0.0261,0.132,0,0.0564,-0.8102,0.5834,0,2.6684,0,0,1]},
{"frame":101,"values":[0.162,0.6099,0.7757,0,-0.9861,0.0705,0.1505,0,0.0371,-0.7893,0.6129,0,2.6684,0,0,1]},
{"frame":102,"values":[0.2026,0.6318,0.7481,0,-0.9791,0.1158,0.1674,0,0.0191,-0.7664,0.6421,0,2.6684,0,0,1]},
{"frame":103,"values":[0.2437,0.6512,0.7187,0,-0.9698,0.1616,0.1824,0,0.0026,-0.7415,0.671,0,2.6684,0,0,1]},
{"frame":104,"values":[0.2851,0.6678,0.6876,0,-0.9584,0.2079,0.1955,0,-0.0124,-0.7147,0.6993,0,2.6684,0,0,1]},
{"frame":105,"values":[0.3266,0.6816,0.6548,0,-0.9448,0.2542,0.2066,0,-0.0257,-0.6862,0.727,0,2.6684,0,0,1]},
{"frame":106,"values":[0.3679,0.6924,0.6207,0,-0.9291,0.3005,0.2156,0,-0.0372,-0.656,0.7538,0,2.6684,0,0,1]},
{"frame":107,"values":[0.4089,0.7001,0.5853,0,-0.9114,0.3463,0.2224,0,-0.047,-0.6244,0.7797,0,2.6684,0,0,1]},
{"frame":108,"values":[0.4493,0.7049,0.5489,0,-0.8917,0.3916,0.2271,0,-0.0549,-0.5915,0.8045,0,2.6684,0,0,1]},
{"frame":109,"values":[0.4889,0.7065,0.5117,0,-0.8702,0.436,0.2295,0,-0.0609,-0.5575,0.828,0,2.6684,0,0,1]},
{"frame":110,"values":[0.5276,0.7051,0.4738,0,-0.847,0.4793,0.2298,0,-0.065,-0.5226,0.8501,0,2.6684,0,0,1]},
{"frame":111,"values":[0.565,0.7008,0.4355,0,-0.8223,0.5213,0.228,0,-0.0673,-0.4869,0.8708,0,2.6684,0,0,1]},
{"frame":112,"values":[0.6011,0.6936,0.397,0,-0.7963,0.5619,0.2241,0,-0.0677,-0.4508,0.89,0,2.6684,0,0,1]},
{"frame":113,"values":[0.6357,0.6836,0.3585,0,-0.7691,0.6008,0.2182,0,-0.0663,-0.4144,0.9077,0,2.6684,0,0,1]},
{"frame":114,"values":[0.6687,0.671,0.3203,0,-0.7408,0.6379,0.2103,0,-0.0631,-0.3779,0.9237,0,2.6684,0,0,1]},
{"frame":115,"values":[0.7,0.656,0.2824,0,-0.7118,0.6731,0.2008,0,-0.0584,-0.3415,0.9381,0,2.6684,0,0,1]},
{"frame":116,"values":[0.7294,0.6387,0.245,0,-0.6821,0.7063,0.1895,0,-0.052,-0.3054,0.9508,0,2.6684,0,0,1]},
{"frame":117,"values":[0.757,0.6193,0.2084,0,-0.652,0.7374,0.1767,0,-0.0442,-0.2697,0.9619,0,2.6684,0,0,1]},
{"frame":118,"values":[0.7826,0.5981,0.1727,0,-0.6215,0.7664,0.1625,0,-0.0351,-0.2345,0.9715,0,2.6684,0,0,1]},
{"frame":119,"values":[0.8063,0.5751,0.1379,0,-0.5909,0.7932,0.1471,0,-0.0248,-0.2001,0.9795,0,2.6684,0,0,1]},
{"frame":120,"values":[0.8282,0.5507,0.1042,0,-0.5603,0.8179,0.1306,0,-0.0133,-0.1665,0.9859,0,2.6684,0,0,1]},
{"frame":121,"values":[0.8481,0.525,0.0717,0,-0.5299,0.8405,0.1131,0,-0.0009,-0.1339,0.991,0,2.6684,0,0,1]}],"loopBehavior":1,"name":"anim","property":"_matrix"}},
{"name":"joint3","index":2,"matrix":[-0.456,-0.89,0,0,0.89,-0.456,0,0,0,0,1,0,1.407,-3.5243,-0.4594,1],"rest":[1,0.0098,0,0,-0.0098,1,0,0,0,0,1,0,2.9125,0,0,1],"parentBoneIndex":1,"length":3.558
,"animation":{"dataType":3,"framePerSecond":30,"keys":[
{"frame":2,"values":[-0.456,-0.89,0,0,0.89,-0.456,0,0,0,0,1,0,1.407,-3.5243,-0.4594,1]},
{"frame":92,"values":[-0.456,-0.89,0,0,0.89,-0.456,0,0,0,0,1,0,1.3699,-3.5008,-0.4594,1]},
{"frame":93,"values":[-0.456,-0.89,0,0,0.89,-0.456,0,0,0,0,1,0,1.3327,-3.4772,-0.4594,1]},
{"frame":94,"values":[-0.456,-0.89,0,0,0.89,-0.456,0,0,0,0,1,0,1.2956,-3.4537,-0.4594,1]},
{"frame":95,"values":[-0.456,-0.89,0,0,0.89,-0.456,0,0,0,0,1,0,1.2585,-3.4301,-0.4594,1]},
{"frame":96,"values":[-0.456,-0.89,0,0,0.89,-0.456,0,0,0,0,1,0,1.2214,-3.4066,-0.4594,1]},
{"frame":97,"values":[-0.456,-0.89,0,0,0.89,-0.456,0,0,0,0,1,0,1.1842,-3.3831,-0.4594,1]},
{"frame":98,"values":[-0.456,-0.89,0,0,0.89,-0.456,0,0,0,0,1,0,1.1471,-3.3595,-0.4594,1]},
{"frame":99,"values":[-0.456,-0.89,0,0,0.89,-0.456,0,0,0,0,1,0,1.11,-3.336,-0.4594,1]},
{"frame":100,"values":[-0.456,-0.89,0,0,0.89,-0.456,0,0,0,0,1,0,1.0728,-3.3125,-0.4594,1]},
{"frame":101,"values":[-0.456,-0.89,0,0,0.89,-0.456,0,0,0,0,1,0,1.0357,-3.2889,-0.4594,1]},
{"frame":102,"values":[-0.456,-0.89,0,0,0.89,-0.456,0,0,0,0,1,0,0.9986,-3.2654,-0.4594,1]},
{"frame":103,"values":[-0.456,-0.89,0,0,0.89,-0.456,0,0,0,0,1,0,0.9615,-3.2419,-0.4594,1]},
{"frame":104,"values":[-0.456,-0.89,0,0,0.89,-0.456,0,0,0,0,1,0,0.9243,-3.2183,-0.4594,1]},
{"frame":105,"values":[-0.456,-0.89,0,0,0.89,-0.456,0,0,0,0,1,0,0.8872,-3.1948,-0.4594,1]},
{"frame":106,"values":[-0.456,-0.89,0,0,0.89,-0.456,0,0,0,0,1,0,0.8501,-3.1713,-0.4594,1]},
{"frame":107,"values":[-0.456,-0.89,0,0,0.89,-0.456,0,0,0,0,1,0,0.813,-3.1477,-0.4594,1]},
{"frame":108,"values":[-0.456,-0.89,0,0,0.89,-0.456,0,0,0,0,1,0,0.7758,-3.1242,-0.4594,1]},
{"frame":109,"values":[-0.456,-0.89,0,0,0.89,-0.456,0,0,0,0,1,0,0.7387,-3.1007,-0.4594,1]},
{"frame":110,"values":[-0.456,-0.89,0,0,0.89,-0.456,0,0,0,0,1,0,0.7016,-3.0771,-0.4594,1]},
{"frame":111,"values":[-0.456,-0.89,0,0,0.89,-0.456,0,0,0,0,1,0,0.6644,-3.0536,-0.4594,1]},
{"frame":112,"values":[-0.456,-0.89,0,0,0.89,-0.456,0,0,0,0,1,0,0.6273,-3.0301,-0.4594,1]},
{"frame":113,"values":[-0.456,-0.89,0,0,0.89,-0.456,0,0,0,0,1,0,0.5902,-3.0065,-0.4594,1]},
{"frame":114,"values":[-0.456,-0.89,0,0,0.89,-0.456,0,0,0,0,1,0,0.5531,-2.983,-0.4594,1]},
{"frame":115,"values":[-0.456,-0.89,0,0,0.89,-0.456,0,0,0,0,1,0,0.5159,-2.9594,-0.4594,1]},
{"frame":116,"values":[-0.456,-0.89,0,0,0.89,-0.456,0,0,0,0,1,0,0.4788,-2.9359,-0.4594,1]},
{"frame":117,"values":[-0.456,-0.89,0,0,0.89,-0.456,0,0,0,0,1,0,0.4417,-2.9124,-0.4594,1]},
{"frame":118,"values":[-0.456,-0.89,0,0,0.89,-0.456,0,0,0,0,1,0,0.4045,-2.8888,-0.4594,1]},
{"frame":119,"values":[-0.456,-0.89,0,0,0.89,-0.456,0,0,0,0,1,0,0.3674,-2.8653,-0.4594,1]},
{"frame":120,"values":[-0.456,-0.89,0,0,0.89,-0.456,0,0,0,0,1,0,0.3303,-2.8418,-0.4594,1]},
{"frame":121,"values":[-0.456,-0.89,0,0,0.89,-0.456,0,0,0,0,1,0,0.2932,-2.8182,-0.4594,1]}],"loopBehavior":1,"name":"anim","property":"_matrix"}},
{"name":"joint4","index":3,"matrix":[-1,0.0098,0,0,0.0098,1,0,0,0,0,-1,0,3.558,0,0,1],"rest":[-1,0.0098,0,0,0.0098,1,0,0,0,0,-1,0,3.558,0,0,1],"parentBoneIndex":2,"length":3.558
,"animation":{"dataType":3,"framePerSecond":30,"keys":[
{"frame":2,"values":[-1,0.0098,0,0,0.0098,1,0,0,0,0,-1,0,3.558,0,0,1]},
{"frame":121,"values":[-1,0.0098,0,0,0.0098,1,0,0,0,0,-1,0,3.558,0,0,1]}],"loopBehavior":1,"name":"anim","property":"_matrix"}},
{"name":"joint5","index":4,"matrix":[-0.9876,-0.0861,-0.1312,0,-0.1569,0.5169,0.8416,0,-0.0046,0.8517,-0.524,0,-2.633,0.087,0,1],"rest":[-1,-0.0054,0,0,-0.0054,1,0,0,0,0,-1,0,-2.633,0.087,0,1],"parentBoneIndex":0,"length":2.9127
,"animation":{"dataType":3,"framePerSecond":30,"keys":[
{"frame":2,"values":[-0.9876,-0.0861,-0.1312,0,-0.1569,0.5169,0.8416,0,-0.0046,0.8517,-0.524,0,-2.633,0.087,0,1]},
{"frame":12,"values":[-0.9856,-0.0854,-0.1458,0,-0.1684,0.4252,0.8893,0,-0.014,0.901,-0.4335,0,-2.633,0.087,0,1]},
{"frame":13,"values":[-0.9835,-0.0831,-0.1606,0,-0.1791,0.3267,0.928,0,-0.0247,0.9415,-0.3362,0,-2.633,0.087,0,1]},
{"frame":14,"values":[-0.9813,-0.0792,-0.1752,0,-0.1888,0.2227,0.9564,0,-0.0367,0.9717,-0.2335,0,-2.633,0.087,0,1]},
{"frame":15,"values":[-0.9791,-0.0736,-0.1895,0,-0.1971,0.1148,0.9736,0,-0.0499,0.9907,-0.1269,0,-2.633,0.087,0,1]},
{"frame":16,"values":[-0.9769,-0.0664,-0.2032,0,-0.204,0.0048,0.979,0,-0.0641,0.9978,-0.0183,0,-2.633,0.087,0,1]},
{"frame":17,"values":[-0.9747,-0.0578,-0.216,0,-0.2093,-0.1051,0.9722,0,-0.0789,0.9928,0.0904,0,-2.633,0.087,0,1]},
{"frame":18,"values":[-0.9725,-0.0478,-0.2277,0,-0.2128,-0.2131,0.9536,0,-0.0941,0.9759,0.1971,0,-2.633,0.087,0,1]},
{"frame":19,"values":[-0.9705,-0.0367,-0.2382,0,-0.2147,-0.3172,0.9237,0,-0.1094,0.9477,0.3,0,-2.633,0.087,0,1]},
{"frame":20,"values":[-0.9687,-0.0247,-0.2472,0,-0.2149,-0.4157,0.8837,0,-0.1246,0.9091,0.3974,0,-2.633,0.087,0,1]},
{"frame":21,"values":[-0.9669,-0.0122,-0.2547,0,-0.2135,-0.5074,0.8348,0,-0.1394,0.8616,0.4881,0,-2.633,0.087,0,1]},
{"frame":22,"values":[-0.9668,-0.0118,-0.2553,0,-0.2141,-0.5076,0.8346,0,-0.1395,0.8615,0.4882,0,-2.633,0.087,0,1]},
{"frame":23,"values":[-0.9666,-0.0115,-0.2559,0,-0.2148,-0.5077,0.8343,0,-0.1395,0.8614,0.4883,0,-2.633,0.087,0,1]},
{"frame":24,"values":[-0.9665,-0.0111,-0.2565,0,-0.2155,-0.5079,0.834,0,-0.1395,0.8614,0.4885,0,-2.633,0.087,0,1]},
{"frame":25,"values":[-0.9663,-0.0107,-0.2571,0,-0.2162,-0.508,0.8338,0,-0.1396,0.8613,0.4886,0,-2.633,0.087,0,1]},
{"frame":26,"values":[-0.9662,-0.0104,-0.2577,0,-0.2168,-0.5082,0.8335,0,-0.1396,0.8612,0.4887,0,-2.633,0.087,0,1]},
{"frame":27,"values":[-0.966,-0.01,-0.2583,0,-0.2175,-0.5083,0.8333,0,-0.1396,0.8611,0.4889,0,-2.633,0.087,0,1]},
{"frame":28,"values":[-0.9659,-0.0097,-0.2589,0,-0.2182,-0.5085,0.833,0,-0.1397,0.861,0.489,0,-2.633,0.087,0,1]},
{"frame":29,"values":[-0.9657,-0.0093,-0.2595,0,-0.2189,-0.5086,0.8327,0,-0.1397,0.861,0.4891,0,-2.633,0.087,0,1]},
{"frame":30,"values":[-0.9655,-0.0089,-0.2601,0,-0.2195,-0.5087,0.8325,0,-0.1398,0.8609,0.4893,0,-2.633,0.087,0,1]},
{"frame":31,"values":[-0.9654,-0.0086,-0.2607,0,-0.2202,-0.5089,0.8322,0,-0.1398,0.8608,0.4894,0,-2.633,0.087,0,1]},
{"frame":32,"values":[-0.9652,-0.0082,-0.2613,0,-0.2209,-0.509,0.8319,0,-0.1398,0.8607,0.4895,0,-2.633,0.087,0,1]},
{"frame":33,"values":[-0.9651,-0.0078,-0.2619,0,-0.2215,-0.5092,0.8317,0,-0.1399,0.8606,0.4897,0,-2.633,0.087,0,1]},
{"frame":34,"values":[-0.9649,-0.0075,-0.2625,0,-0.2222,-0.5093,0.8314,0,-0.1399,0.8605,0.4898,0,-2.633,0.087,0,1]},
{"frame":35,"values":[-0.9647,-0.0071,-0.2631,0,-0.2229,-0.5095,0.8311,0,-0.1399,0.8605,0.4899,0,-2.633,0.087,0,1]},
{"frame":36,"values":[-0.9646,-0.0068,-0.2637,0,-0.2236,-0.5096,0.8309,0,-0.14,0.8604,0.49,0,-2.633,0.087,0,1]},
{"frame":37,"values":[-0.9644,-0.0064,-0.2643,0,-0.2242,-0.5097,0.8306,0,-0.14,0.8603,0.4902,0,-2.633,0.087,0,1]},
{"frame":38,"values":[-0.9643,-0.006,-0.2649,0,-0.2249,-0.5099,0.8303,0,-0.1401,0.8602,0.4903,0,-2.633,0.087,0,1]},
{"frame":39,"values":[-0.9641,-0.0057,-0.2655,0,-0.2256,-0.51,0.8301,0,-0.1401,0.8601,0.4904,0,-2.633,0.087,0,1]},
{"frame":40,"values":[-0.9639,-0.0053,-0.2661,0,-0.2262,-0.5102,0.8298,0,-0.1401,0.8601,0.4906,0,-2.633,0.087,0,1]},
{"frame":41,"values":[-0.9638,-0.0049,-0.2667,0,-0.2269,-0.5103,0.8295,0,-0.1402,0.86,0.4907,0,-2.633,0.087,0,1]},
{"frame":62,"values":[-0.9768,-0.004,-0.214,0,-0.1838,-0.4967,0.8482,0,-0.1097,0.8679,0.4845,0,-2.633,0.087,0,1]},
{"frame":63,"values":[-0.9872,-0.0021,-0.1592,0,-0.1385,-0.4826,0.8648,0,-0.0786,0.8758,0.4762,0,-2.633,0.087,0,1]},
{"frame":64,"values":[-0.9947,0.0008,-0.1024,0,-0.0909,-0.4681,0.879,0,-0.0472,0.8837,0.4658,0,-2.633,0.087,0,1]},
{"frame":65,"values":[-0.999,0.0048,-0.0438,0,-0.0412,-0.4533,0.8904,0,-0.0156,0.8913,0.4531,0,-2.633,0.087,0,1]},
{"frame":66,"values":[-0.9998,0.0098,0.0163,0,0.0104,-0.4382,0.8988,0,0.016,0.8988,0.4381,0,-2.633,0.087,0,1]},
{"frame":67,"values":[-0.9968,0.016,0.0777,0,0.0636,-0.423,0.9039,0,0.0473,0.906,0.4206,0,-2.633,0.087,0,1]},
{"frame":68,"values":[-0.9899,0.0234,0.1399,0,0.1183,-0.4076,0.9054,0,0.0782,0.9128,0.4007,0,-2.633,0.087,0,1]},
{"frame":69,"values":[-0.9787,0.032,0.2026,0,0.1741,-0.3923,0.9032,0,0.1084,0.9193,0.3784,0,-2.633,0.087,0,1]},
{"frame":70,"values":[-0.9633,0.0418,0.2653,0,0.2307,-0.3771,0.897,0,0.1375,0.9252,0.3536,0,-2.633,0.087,0,1]},
{"frame":71,"values":[-0.9433,0.0528,0.3276,0,0.2876,-0.3622,0.8866,0,0.1655,0.9306,0.3265,0,-2.633,0.087,0,1]},
{"frame":72,"values":[-0.919,0.065,0.3889,0,0.3445,-0.3476,0.872,0,0.1919,0.9354,0.2971,0,-2.633,0.087,0,1]},
{"frame":73,"values":[-0.8902,0.0782,0.4489,0,0.4009,-0.3336,0.8532,0,0.2165,0.9395,0.2656,0,-2.633,0.087,0,1]},
{"frame":74,"values":[-0.857,0.0925,0.5069,0,0.4565,-0.3202,0.8301,0,0.2391,0.9428,0.2322,0,-2.633,0.087,0,1]},
{"frame":75,"values":[-0.8197,0.1078,0.5625,0,0.5106,-0.3075,0.803,0,0.2595,0.9454,0.197,0,-2.633,0.087,0,1]},
{"frame":76,"values":[-0.7785,0.1239,0.6153,0,0.563,-0.2957,0.7718,0,0.2775,0.9472,0.1605,0,-2.633,0.087,0,1]},
{"frame":77,"values":[-0.7337,0.1407,0.6648,0,0.6131,-0.2848,0.7369,0,0.293,0.9482,0.1227,0,-2.633,0.087,0,1]},
{"frame":78,"values":[-0.6856,0.158,0.7106,0,0.6607,-0.2749,0.6985,0,0.3058,0.9484,0.084,0,-2.633,0.087,0,1]},
{"frame":79,"values":[-0.6346,0.1759,0.7525,0,0.7053,-0.2661,0.657,0,0.3158,0.9478,0.0448,0,-2.633,0.087,0,1]},
{"frame":80,"values":[-0.5813,0.194,0.7902,0,0.7468,-0.2585,0.6128,0,0.3231,0.9463,0.0053,0,-2.633,0.087,0,1]},
{"frame":81,"values":[-0.5259,0.2123,0.8236,0,0.7848,-0.252,0.5662,0,0.3277,0.9442,-0.0341,0,-2.633,0.087,0,1]},
{"frame":82,"values":[-0.4691,0.2307,0.8525,0,0.8193,-0.2466,0.5176,0,0.3296,0.9413,-0.0733,0,-2.633,0.087,0,1]},
{"frame":83,"values":[-0.4113,0.2489,0.8768,0,0.8501,-0.2425,0.4676,0,0.329,0.9377,-0.1118,0,-2.633,0.087,0,1]},
{"frame":84,"values":[-0.353,0.2669,0.8968,0,0.8771,-0.2394,0.4165,0,0.3258,0.9335,-0.1496,0,-2.633,0.087,0,1]},
{"frame":85,"values":[-0.2945,0.2845,0.9123,0,0.9003,-0.2375,0.3647,0,0.3204,0.9288,-0.1862,0,-2.633,0.087,0,1]},
{"frame":86,"values":[-0.2363,0.3017,0.9237,0,0.92,-0.2366,0.3126,0,0.3128,0.9236,-0.2216,0,-2.633,0.087,0,1]},
{"frame":87,"values":[-0.1787,0.3183,0.931,0,0.936,-0.2367,0.2606,0,0.3033,0.918,-0.2557,0,-2.633,0.087,0,1]},
{"frame":88,"values":[-0.1222,0.3344,0.9345,0,0.9486,-0.2377,0.2091,0,0.292,0.912,-0.2881,0,-2.633,0.087,0,1]},
{"frame":89,"values":[-0.0669,0.3497,0.9345,0,0.9579,-0.2396,0.1582,0,0.2792,0.9057,-0.319,0,-2.633,0.087,0,1]},
{"frame":90,"values":[-0.0131,0.3644,0.9311,0,0.9642,-0.2422,0.1084,0,0.265,0.8992,-0.3482,0,-2.633,0.087,0,1]},
{"frame":91,"values":[0.0389,0.3783,0.9248,0,0.9676,-0.2455,0.0597,0,0.2496,0.8925,-0.3756,0,-2.633,0.087,0,1]},
{"frame":92,"values":[0.0099,0.4055,0.914,0,0.9732,-0.2138,0.0843,0,0.2296,0.8887,-0.3968,0,-2.633,0.087,0,1]},
{"frame":93,"values":[-0.0203,0.4319,0.9017,0,0.9775,-0.1807,0.1085,0,0.2098,0.8836,-0.4185,0,-2.633,0.087,0,1]},
{"frame":94,"values":[-0.0515,0.4573,0.8878,0,0.9804,-0.1462,0.1322,0,0.1902,0.8772,-0.4408,0,-2.633,0.087,0,1]},
{"frame":95,"values":[-0.0837,0.4817,0.8723,0,0.9817,-0.1104,0.1551,0,0.1711,0.8693,-0.4636,0,-2.633,0.087,0,1]},
{"frame":96,"values":[-0.1167,0.5049,0.8553,0,0.9814,-0.0735,0.1773,0,0.1524,0.8601,-0.4869,0,-2.633,0.087,0,1]},
{"frame":97,"values":[-0.1507,0.5267,0.8366,0,0.9794,-0.0354,0.1986,0,0.1342,0.8493,-0.5105,0,-2.633,0.087,0,1]},
{"frame":98,"values":[-0.1853,0.547,0.8164,0,0.9757,0.0037,0.2189,0,0.1167,0.8371,-0.5344,0,-2.633,0.087,0,1]},
{"frame":99,"values":[-0.2205,0.5657,0.7946,0,0.9703,0.0437,0.2381,0,0.1,0.8235,-0.5585,0,-2.633,0.087,0,1]},
{"frame":100,"values":[-0.2561,0.5826,0.7713,0,0.963,0.0844,0.256,0,0.084,0.8084,-0.5827,0,-2.633,0.087,0,1]},
{"frame":101,"values":[-0.2922,0.5977,0.7466,0,0.9539,0.1258,0.2726,0,0.069,0.7918,-0.6069,0,-2.633,0.087,0,1]},
{"frame":102,"values":[-0.3284,0.6108,0.7205,0,0.9429,0.1676,0.2877,0,0.055,0.7739,-0.631,0,-2.633,0.087,0,1]},
{"frame":103,"values":[-0.3646,0.6218,0.6931,0,0.9302,0.2096,0.3013,0,0.042,0.7546,-0.6549,0,-2.633,0.087,0,1]},
{"frame":104,"values":[-0.4008,0.6307,0.6645,0,0.9157,0.2518,0.3133,0,0.0302,0.734,-0.6785,0,-2.633,0.087,0,1]},
{"frame":105,"values":[-0.4367,0.6375,0.6348,0,0.8994,0.294,0.3236,0,0.0197,0.7122,-0.7017,0,-2.633,0.087,0,1]},
{"frame":106,"values":[-0.4722,0.642,0.604,0,0.8814,0.3359,0.3321,0,0.0103,0.6893,-0.7244,0,-2.633,0.087,0,1]},
{"frame":107,"values":[-0.5072,0.6442,0.5725,0,0.8618,0.3774,0.3389,0,0.0023,0.6653,-0.7466,0,-2.633,0.087,0,1]},
{"frame":108,"values":[-0.5415,0.6442,0.5402,0,0.8407,0.4183,0.3439,0,-0.0044,0.6404,-0.7681,0,-2.633,0.087,0,1]},
{"frame":109,"values":[-0.575,0.6419,0.5073,0,0.8181,0.4585,0.3471,0,-0.0098,0.6146,-0.7888,0,-2.633,0.087,0,1]},
{"frame":110,"values":[-0.6075,0.6374,0.474,0,0.7942,0.4978,0.3485,0,-0.0138,0.5881,-0.8086,0,-2.633,0.087,0,1]},
